# Time          5.0000E+01
# Units: Weight % Mineral
    Distance           Quartz           Albite           Dolomite-dis     Microcline       Pyrite           Fe(OH)3          Muscovite        Chamosite-7A     Illite           Kaolinite        Smectite-high    SiO2(am)         Calcite          POMC             O2(s)            Gibbsite     
    9.0000000E-02    2.6560225E+01    1.2287552E+01    9.9500068E-02    3.2869962E-01    0.0000000E+00    8.1419564E+00    1.0919124E+00    1.5861786E+01    1.9416928E+00    8.6945120E+00    1.6069424E+01    8.8799066E+00    1.0792814E-06    4.2829492E-02    1.1573981E-06    1.0461967E-06
    2.7000000E-01    2.6561112E+01    1.2295576E+01    1.0142534E-01    3.2883370E-01    0.0000000E+00    8.1320604E+00    1.0919488E+00    1.5862315E+01    1.9423725E+00    8.6904937E+00    1.6069960E+01    8.8810681E+00    1.0793200E-06    4.2830921E-02    1.1574367E-06    1.0462316E-06
    4.5000000E-01    2.6559844E+01    1.2300117E+01    1.0284699E-01    3.2894634E-01    0.0000000E+00    8.1316899E+00    1.0918967E+00    1.5861558E+01    1.9429954E+00    8.6867425E+00    1.6069193E+01    8.8813387E+00    1.0792724E-06    4.2828876E-02    1.1573814E-06    1.0461817E-06
    6.3000000E-01    2.6558847E+01    1.2303377E+01    1.0396243E-01    3.2905421E-01    0.0000000E+00    8.1313878E+00    1.0918557E+00    1.5860962E+01    1.9436182E+00    8.6839471E+00    1.6068590E+01    8.8815683E+00    1.0792370E-06    4.2827268E-02    1.1573380E-06    1.0461424E-06
    8.1000000E-01    2.6558061E+01    1.2305858E+01    1.0487374E-01    3.2908309E-01    0.0000000E+00    8.1311444E+00    1.0918234E+00    1.5860493E+01    1.9441737E+00    8.6817817E+00    1.6068114E+01    8.8817655E+00    1.0792117E-06    4.2826000E-02    1.1573037E-06    1.0461114E-06
    9.9000000E-01    2.6557423E+01    1.2307824E+01    1.0564055E-01    3.2907549E-01    0.0000000E+00    8.1309459E+00    1.0917972E+00    1.5860112E+01    1.9446338E+00    8.6800611E+00    1.6067728E+01    8.8819306E+00    1.0791938E-06    4.2824972E-02    1.1572759E-06    1.0460863E-06
    1.1700000E+00    2.6556893E+01    1.2309428E+01    1.0630028E-01    3.2906892E-01    0.0000000E+00    8.1307810E+00    1.0917754E+00    1.5859795E+01    1.9449928E+00    8.6786662E+00    1.6067407E+01    8.8820648E+00    1.0791818E-06    4.2824117E-02    1.1572528E-06    1.0460654E-06
    1.3500000E+00    2.6556445E+01    1.2310768E+01    1.0687793E-01    3.2906337E-01    0.0000000E+00    8.1306422E+00    1.0917570E+00    1.5859528E+01    1.9452606E+00    8.6775239E+00    1.6067136E+01    8.8821711E+00    1.0791748E-06    4.2823395E-02    1.1572333E-06    1.0460478E-06
    1.5300000E+00    2.6556063E+01    1.2311909E+01    1.0739091E-01    3.2905863E-01    0.0000000E+00    8.1305239E+00    1.0917412E+00    1.5859299E+01    1.9454513E+00    8.6765799E+00    1.6066905E+01    8.8822528E+00    1.0791721E-06    4.2822778E-02    1.1572166E-06    1.0460327E-06
    1.7100000E+00    2.6555732E+01    1.2312895E+01    1.0785178E-01    3.2905454E-01    0.0000000E+00    8.1304220E+00    1.0917277E+00    1.5859102E+01    1.9455790E+00    8.6757928E+00    1.6066705E+01    8.8823128E+00    1.0791731E-06    4.2822245E-02    1.1572022E-06    1.0460197E-06
    1.8900000E+00    2.6555444E+01    1.2313758E+01    1.0826991E-01    3.2905097E-01    0.0000000E+00    8.1303332E+00    1.0917158E+00    1.5858930E+01    1.9456566E+00    8.6751311E+00    1.6066531E+01    8.8823540E+00    1.0791776E-06    4.2821781E-02    1.1571897E-06    1.0460084E-06
    2.0700000E+00    2.1629119E+01    1.8743469E+01    1.1442192E-01    4.6198139E-01    0.0000000E+00    9.6838626E+00    1.5327485E+00    1.5101912E+01    2.0867284E+00    7.9646633E+00    1.0622823E+01    9.3528229E+00    1.1363790E-06    2.7054438E+00    1.2185044E-06    1.1014320E-06
    2.2500000E+00    2.1628860E+01    1.8744468E+01    1.1479992E-01    4.6197584E-01    0.0000000E+00    9.6837439E+00    1.5327301E+00    1.5101731E+01    2.0866778E+00    7.9639871E+00    1.0622696E+01    9.3529168E+00    1.1363875E-06    2.7054113E+00    1.2184898E-06    1.1014188E-06
    2.4300000E+00    2.1628630E+01    1.8745363E+01    1.1514825E-01    4.6197094E-01    0.0000000E+00    9.6836406E+00    1.5327138E+00    1.5101570E+01    2.0865812E+00    7.9634214E+00    1.0622583E+01    9.3529913E+00    1.1363997E-06    2.7053826E+00    1.2184768E-06    1.1014071E-06
    2.6100000E+00    2.1628426E+01    1.8746171E+01    1.1547110E-01    4.6196657E-01    0.0000000E+00    9.6835488E+00    1.5326993E+00    1.5101428E+01    2.0864550E+00    7.9629432E+00    1.0622483E+01    9.3530485E+00    1.1364153E-06    2.7053571E+00    1.2184653E-06    1.1013967E-06
    2.7900000E+00    2.1628243E+01    1.8746905E+01    1.1577186E-01    4.6196266E-01    0.0000000E+00    9.6834667E+00    1.5326863E+00    1.5101300E+01    2.0863094E+00    7.9625351E+00    1.0622393E+01    9.3530902E+00    1.1364341E-06    2.7053342E+00    1.2184550E-06    1.1013874E-06
    2.9700000E+00    2.1628078E+01    1.8747576E+01    1.1605329E-01    4.6195914E-01    0.0000000E+00    9.6833927E+00    1.5326747E+00    1.5101185E+01    2.0861517E+00    7.9621834E+00    1.0622312E+01    9.3531179E+00    1.1364560E-06    2.7053136E+00    1.2184457E-06    1.1013790E-06
    3.1500000E+00    2.1627929E+01    1.8748192E+01    1.1631766E-01    4.6195596E-01    0.0000000E+00    9.6833259E+00    1.5326641E+00    1.5101081E+01    2.0859868E+00    7.9618780E+00    1.0622239E+01    9.3531334E+00    1.1364810E-06    2.7052949E+00    1.2184373E-06    1.1013714E-06
    3.3300000E+00    2.1627793E+01    1.8748760E+01    1.1656688E-01    4.6195307E-01    0.0000000E+00    9.6832653E+00    1.5326545E+00    1.5100986E+01    2.0858185E+00    7.9616108E+00    1.0622172E+01    9.3531377E+00    1.1365089E-06    2.7052780E+00    1.2184297E-06    1.1013645E-06
    3.5100000E+00    2.1627670E+01    1.8749287E+01    1.1680255E-01    4.6195044E-01    0.0000000E+00    9.6832100E+00    1.5326458E+00    1.5100900E+01    2.0856493E+00    7.9613753E+00    1.0622112E+01    9.3531322E+00    1.1365398E-06    2.7052626E+00    1.2184227E-06    1.1013582E-06
    3.6900000E+00    2.1627558E+01    1.8749776E+01    1.1702604E-01    4.6194803E-01    0.0000000E+00    9.6831595E+00    1.5326378E+00    1.5100822E+01    2.0854809E+00    7.9611666E+00    1.0622056E+01    9.3531178E+00    1.1365735E-06    2.7052485E+00    1.2184164E-06    1.1013525E-06
    3.8700000E+00    2.1627454E+01    1.8750232E+01    1.1723851E-01    4.6194583E-01    0.0000000E+00    9.6831132E+00    1.5326305E+00    1.5100749E+01    2.0853148E+00    7.9609807E+00    1.0622006E+01    9.3530957E+00    1.1366102E-06    2.7052356E+00    1.2184106E-06    1.1013472E-06
    4.0500000E+00    2.1627359E+01    1.8750659E+01    1.1744098E-01    4.6194380E-01    0.0000000E+00    9.6830707E+00    1.5326238E+00    1.5100683E+01    2.0851518E+00    7.9608141E+00    1.0621959E+01    9.3530666E+00    1.1366497E-06    2.7052237E+00    1.2184052E-06    1.1013424E-06
    4.2300000E+00    2.1627272E+01    1.8751060E+01    1.1763433E-01    4.6194194E-01    0.0000000E+00    9.6830316E+00    1.5326176E+00    1.5100622E+01    2.0849926E+00    7.9606641E+00    1.0621916E+01    9.3530313E+00    1.1366920E-06    2.7052128E+00    1.2184003E-06    1.1013380E-06
    4.4100000E+00    2.1627192E+01    1.8751436E+01    1.1781932E-01    4.6194021E-01    0.0000000E+00    9.6829955E+00    1.5326119E+00    1.5100566E+01    2.0848374E+00    7.9605286E+00    1.0621877E+01    9.3529906E+00    1.1367373E-06    2.7052027E+00    1.2183958E-06    1.1013339E-06
    4.5900000E+00    2.1627117E+01    1.8751791E+01    1.1799663E-01    4.6193862E-01    0.0000000E+00    9.6829620E+00    1.5326066E+00    1.5100514E+01    2.0846866E+00    7.9604056E+00    1.0621840E+01    9.3529450E+00    1.1367854E-06    2.7051934E+00    1.2183916E-06    1.1013301E-06
    4.7700000E+00    2.1627048E+01    1.8752127E+01    1.1816685E-01    4.6193714E-01    0.0000000E+00    9.6829310E+00    1.5326017E+00    1.5100466E+01    2.0845403E+00    7.9602936E+00    1.0621806E+01    9.3528952E+00    1.1368364E-06    2.7051847E+00    1.2183877E-06    1.1013265E-06
    4.9500000E+00    2.1626984E+01    1.8752444E+01    1.1833051E-01    4.6193577E-01    0.0000000E+00    9.6829023E+00    1.5325971E+00    1.5100421E+01    2.0843985E+00    7.9601913E+00    1.0621775E+01    9.3528417E+00    1.1368904E-06    2.7051767E+00    1.2183841E-06    1.1013233E-06
    5.1300000E+00    2.1626924E+01    1.8752745E+01    1.1848809E-01    4.6193450E-01    0.0000000E+00    9.6828755E+00    1.5325929E+00    1.5100379E+01    2.0842612E+00    7.9600974E+00    1.0621745E+01    9.3527850E+00    1.1369473E-06    2.7051692E+00    1.2183807E-06    1.1013202E-06
    5.3100000E+00    2.1626868E+01    1.8753030E+01    1.1863999E-01    4.6193331E-01    0.0000000E+00    9.6828506E+00    1.5325889E+00    1.5100340E+01    2.0841284E+00    7.9600111E+00    1.0621718E+01    9.3527254E+00    1.1370072E-06    2.7051623E+00    1.2183776E-06    1.1013174E-06
    5.4900000E+00    2.1626816E+01    1.8753302E+01    1.1878661E-01    4.6193220E-01    0.0000000E+00    9.6828273E+00    1.5325853E+00    1.5100304E+01    2.0840000E+00    7.9599316E+00    1.0621692E+01    9.3526634E+00    1.1370701E-06    2.7051558E+00    1.2183746E-06    1.1013148E-06
    5.6700000E+00    2.1626768E+01    1.8753560E+01    1.1892827E-01    4.6193116E-01    0.0000000E+00    9.6828056E+00    1.5325818E+00    1.5100270E+01    2.0838760E+00    7.9598580E+00    1.0621669E+01    9.3525994E+00    1.1371360E-06    2.7051497E+00    1.2183719E-06    1.1013123E-06
    5.8500000E+00    2.1626722E+01    1.8753807E+01    1.1906529E-01    4.6193019E-01    0.0000000E+00    9.6827852E+00    1.5325786E+00    1.5100238E+01    2.0837560E+00    7.9597898E+00    1.0621646E+01    9.3525336E+00    1.1372051E-06    2.7051440E+00    1.2183693E-06    1.1013100E-06
    6.0300000E+00    2.1626680E+01    1.8754042E+01    1.1919794E-01    4.6192928E-01    0.0000000E+00    9.6827661E+00    1.5325756E+00    1.5100209E+01    2.0836402E+00    7.9597265E+00    1.0621625E+01    9.3524663E+00    1.1372773E-06    2.7051387E+00    1.2183669E-06    1.1013078E-06
    6.2100000E+00    2.1626640E+01    1.8754267E+01    1.1932647E-01    4.6192843E-01    0.0000000E+00    9.6827482E+00    1.5325727E+00    1.5100181E+01    2.0835282E+00    7.9596675E+00    1.0621606E+01    9.3523979E+00    1.1373526E-06    2.7051337E+00    1.2183647E-06    1.1013058E-06
    6.3900000E+00    2.1626602E+01    1.8754483E+01    1.1945111E-01    4.6192762E-01    0.0000000E+00    9.6827313E+00    1.5325701E+00    1.5100154E+01    2.0834201E+00    7.9596125E+00    1.0621587E+01    9.3523285E+00    1.1374312E-06    2.7051290E+00    1.2183626E-06    1.1013038E-06
    6.5700000E+00    2.1626567E+01    1.8754689E+01    1.1957207E-01    4.6192687E-01    0.0000000E+00    9.6827155E+00    1.5325676E+00    1.5100130E+01    2.0833156E+00    7.9595611E+00    1.0621570E+01    9.3522584E+00    1.1375130E-06    2.7051246E+00    1.2183606E-06    1.1013020E-06
    6.7500000E+00    2.1626533E+01    1.8754886E+01    1.1968953E-01    4.6192616E-01    0.0000000E+00    9.6827005E+00    1.5325652E+00    1.5100106E+01    2.0832146E+00    7.9595130E+00    1.0621553E+01    9.3521877E+00    1.1375981E-06    2.7051204E+00    1.2183587E-06    1.1013003E-06
    6.9300000E+00    2.1626502E+01    1.8755076E+01    1.1980367E-01    4.6192548E-01    0.0000000E+00    9.6826864E+00    1.5325630E+00    1.5100084E+01    2.0831170E+00    7.9594678E+00    1.0621538E+01    9.3521167E+00    1.1376865E-06    2.7051164E+00    1.2183569E-06    1.1012987E-06
    7.1100000E+00    2.1626472E+01    1.8755257E+01    1.1991464E-01    4.6192485E-01    0.0000000E+00    9.6826731E+00    1.5325609E+00    1.5100064E+01    2.0830227E+00    7.9594254E+00    1.0621523E+01    9.3520455E+00    1.1377784E-06    2.7051127E+00    1.2183553E-06    1.1012972E-06
    7.2900000E+00    2.1626444E+01    1.8755432E+01    1.2002258E-01    4.6192425E-01    0.0000000E+00    9.6826605E+00    1.5325589E+00    1.5100044E+01    2.0829316E+00    7.9593855E+00    1.0621510E+01    9.3519742E+00    1.1378737E-06    2.7051092E+00    1.2183537E-06    1.1012958E-06
    7.4700000E+00    2.1626417E+01    1.8755600E+01    1.2012763E-01    4.6192368E-01    0.0000000E+00    9.6826486E+00    1.5325570E+00    1.5100026E+01    2.0828435E+00    7.9593479E+00    1.0621496E+01    9.3519030E+00    1.1379724E-06    2.7051059E+00    1.2183522E-06    1.1012944E-06
    7.6500000E+00    2.1626392E+01    1.8755761E+01    1.2022991E-01    4.6192314E-01    0.0000000E+00    9.6826373E+00    1.5325552E+00    1.5100008E+01    2.0827583E+00    7.9593124E+00    1.0621484E+01    9.3518320E+00    1.1380747E-06    2.7051027E+00    1.2183508E-06    1.1012932E-06
    7.8300000E+00    2.1626368E+01    1.8755917E+01    1.2032952E-01    4.6192263E-01    0.0000000E+00    9.6826266E+00    1.5325535E+00    1.5099991E+01    2.0826759E+00    7.9592789E+00    1.0621472E+01    9.3517613E+00    1.1381805E-06    2.7050997E+00    1.2183494E-06    1.1012919E-06
    8.0100000E+00    2.1626346E+01    1.8756066E+01    1.2042656E-01    4.6192215E-01    0.0000000E+00    9.6826164E+00    1.5325519E+00    1.5099975E+01    2.0825964E+00    7.9592471E+00    1.0621461E+01    9.3516910E+00    1.1382899E-06    2.7050969E+00    1.2183481E-06    1.1012908E-06
    8.1900000E+00    2.2415693E+01    1.9307945E+01    1.1536093E-01    4.4214053E-01    0.0000000E+00    1.0073871E+01    1.5891645E+00    1.5565120E+01    2.1594325E+00    8.2905648E+00    1.1045197E+01    8.9523534E+00    1.0896194E-06    4.3154205E-02    1.1661729E-06    1.0541285E-06
    8.3700000E+00    2.2415689E+01    1.9308102E+01    1.1545038E-01    4.4214044E-01    0.0000000E+00    1.0073869E+01    1.5891641E+00    1.5565117E+01    2.1593704E+00    8.2905313E+00    1.1045195E+01    8.9522138E+00    1.0896954E-06    4.3154196E-02    1.1661727E-06    1.0541283E-06
    8.5500000E+00    2.2415685E+01    1.9308254E+01    1.1553752E-01    4.4214036E-01    0.0000000E+00    1.0073867E+01    1.5891638E+00    1.5565114E+01    2.1593094E+00    8.2905000E+00    1.1045193E+01    8.9520790E+00    1.0897720E-06    4.3154188E-02    1.1661724E-06    1.0541281E-06
    8.7300000E+00    2.2415680E+01    1.9308400E+01    1.1562242E-01    4.4214027E-01    0.0000000E+00    1.0073865E+01    1.5891635E+00    1.5565111E+01    2.1592502E+00    8.2904703E+00    1.1045190E+01    8.9519488E+00    1.0898497E-06    4.3154180E-02    1.1661722E-06    1.0541279E-06
    8.9100000E+00    2.2415676E+01    1.9308540E+01    1.1570516E-01    4.4214019E-01    0.0000000E+00    1.0073864E+01    1.5891632E+00    1.5565108E+01    2.1591927E+00    8.2904420E+00    1.1045188E+01    8.9518232E+00    1.0899284E-06    4.3154172E-02    1.1661720E-06    1.0541277E-06
    9.0900000E+00    2.2415672E+01    1.9308675E+01    1.1578579E-01    4.4214011E-01    0.0000000E+00    1.0073862E+01    1.5891629E+00    1.5565105E+01    2.1591371E+00    8.2904149E+00    1.1045186E+01    8.9517019E+00    1.0900082E-06    4.3154163E-02    1.1661718E-06    1.0541275E-06
    9.2700000E+00    2.2415668E+01    1.9308805E+01    1.1586436E-01    4.4214002E-01    0.0000000E+00    1.0073860E+01    1.5891626E+00    1.5565102E+01    2.1590833E+00    8.2903889E+00    1.1045184E+01    8.9515849E+00    1.0900892E-06    4.3154155E-02    1.1661716E-06    1.0541273E-06
    9.4500000E+00    2.2415663E+01    1.9308930E+01    1.1594091E-01    4.4213994E-01    0.0000000E+00    1.0073858E+01    1.5891623E+00    1.5565099E+01    2.1590313E+00    8.2903640E+00    1.1045182E+01    8.9514719E+00    1.0901714E-06    4.3154147E-02    1.1661713E-06    1.0541271E-06
    9.6300000E+00    2.2415659E+01    1.9309050E+01    1.1601548E-01    4.4213986E-01    0.0000000E+00    1.0073856E+01    1.5891620E+00    1.5565096E+01    2.1589811E+00    8.2903402E+00    1.1045180E+01    8.9513628E+00    1.0902548E-06    4.3154139E-02    1.1661711E-06    1.0541269E-06
    9.8100000E+00    2.2415655E+01    1.9309165E+01    1.1608808E-01    4.4213978E-01    0.0000000E+00    1.0073854E+01    1.5891617E+00    1.5565093E+01    2.1589326E+00    8.2903172E+00    1.1045178E+01    8.9512575E+00    1.0903397E-06    4.3154131E-02    1.1661709E-06    1.0541267E-06
    9.9900000E+00    2.2415651E+01    1.9309276E+01    1.1615876E-01    4.4213969E-01    0.0000000E+00    1.0073852E+01    1.5891614E+00    1.5565090E+01    2.1588858E+00    8.2902952E+00    1.1045176E+01    8.9511560E+00    1.0904262E-06    4.3154123E-02    1.1661707E-06    1.0541265E-06
    1.0170000E+01    2.2415647E+01    1.9309383E+01    1.1622752E-01    4.4213961E-01    0.0000000E+00    1.0073850E+01    1.5891612E+00    1.5565087E+01    2.1588406E+00    8.2902741E+00    1.1045174E+01    8.9510580E+00    1.0905143E-06    4.3154115E-02    1.1661705E-06    1.0541263E-06
    1.0350000E+01    2.2415643E+01    1.9309485E+01    1.1629438E-01    4.4213953E-01    0.0000000E+00    1.0073849E+01    1.5891609E+00    1.5565085E+01    2.1587971E+00    8.2902538E+00    1.1045172E+01    8.9509634E+00    1.0906042E-06    4.3154108E-02    1.1661703E-06    1.0541261E-06
    1.0530000E+01    2.2415639E+01    1.9309584E+01    1.1635934E-01    4.4213946E-01    0.0000000E+00    1.0073847E+01    1.5891606E+00    1.5565082E+01    2.1587551E+00    8.2902343E+00    1.1045170E+01    8.9508722E+00    1.0906959E-06    4.3154100E-02    1.1661701E-06    1.0541259E-06
    1.0710000E+01    2.2415635E+01    1.9309678E+01    1.1642241E-01    4.4213938E-01    0.0000000E+00    1.0073845E+01    1.5891603E+00    1.5565079E+01    2.1587148E+00    8.2902157E+00    1.1045168E+01    8.9507843E+00    1.0907894E-06    4.3154093E-02    1.1661699E-06    1.0541257E-06
    1.0890000E+01    2.2415631E+01    1.9309769E+01    1.1648359E-01    4.4213931E-01    0.0000000E+00    1.0073843E+01    1.5891600E+00    1.5565076E+01    2.1586759E+00    8.2901978E+00    1.1045166E+01    8.9506995E+00    1.0908847E-06    4.3154085E-02    1.1661697E-06    1.0541256E-06
    1.1070000E+01    2.2415628E+01    1.9309856E+01    1.1654286E-01    4.4213923E-01    0.0000000E+00    1.0073842E+01    1.5891598E+00    1.5565074E+01    2.1586387E+00    8.2901807E+00    1.1045164E+01    8.9506177E+00    1.0909816E-06    4.3154078E-02    1.1661695E-06    1.0541254E-06
    1.1250000E+01    2.2415624E+01    1.9309939E+01    1.1660021E-01    4.4213916E-01    0.0000000E+00    1.0073840E+01    1.5891595E+00    1.5565071E+01    2.1586029E+00    8.2901644E+00    1.1045163E+01    8.9505389E+00    1.0910801E-06    4.3154071E-02    1.1661693E-06    1.0541252E-06
    1.1430000E+01    2.2415621E+01    1.9310019E+01    1.1665563E-01    4.4213910E-01    0.0000000E+00    1.0073839E+01    1.5891593E+00    1.5565069E+01    2.1585685E+00    8.2901488E+00    1.1045161E+01    8.9504630E+00    1.0911799E-06    4.3154065E-02    1.1661691E-06    1.0541251E-06
    1.1610000E+01    2.2415618E+01    1.9310095E+01    1.1670908E-01    4.4213903E-01    0.0000000E+00    1.0073837E+01    1.5891591E+00    1.5565067E+01    2.1585357E+00    8.2901341E+00    1.1045160E+01    8.9503899E+00    1.0912808E-06    4.3154059E-02    1.1661689E-06    1.0541249E-06
    1.1790000E+01    2.2415615E+01    1.9310167E+01    1.1676055E-01    4.4213897E-01    0.0000000E+00    1.0073836E+01    1.5891589E+00    1.5565065E+01    2.1585042E+00    8.2901201E+00    1.1045158E+01    8.9503195E+00    1.0913827E-06    4.3154053E-02    1.1661688E-06    1.0541248E-06
    1.1970000E+01    2.2415612E+01    1.9310236E+01    1.1680998E-01    4.4213892E-01    0.0000000E+00    1.0073835E+01    1.5891587E+00    1.5565063E+01    2.1584740E+00    8.2901070E+00    1.1045157E+01    8.9502518E+00    1.0914853E-06    4.3154048E-02    1.1661686E-06    1.0541246E-06
    1.2150000E+01    2.2415609E+01    1.9310302E+01    1.1685735E-01    4.4213887E-01    0.0000000E+00    1.0073833E+01    1.5891585E+00    1.5565061E+01    2.1584452E+00    8.2900948E+00    1.1045155E+01    8.9501867E+00    1.0915885E-06    4.3154043E-02    1.1661685E-06    1.0541245E-06
    1.2330000E+01    2.2415607E+01    1.9310364E+01    1.1690262E-01    4.4213883E-01    0.0000000E+00    1.0073832E+01    1.5891583E+00    1.5565060E+01    2.1584177E+00    8.2900834E+00    1.1045154E+01    8.9501242E+00    1.0916922E-06    4.3154038E-02    1.1661684E-06    1.0541244E-06
    1.2510000E+01    2.3806207E+01    2.1048972E+01    1.1811364E-01    5.4782852E-01    2.1477111E-01    8.5211253E+00    1.0905430E+00    1.7632716E+01    2.0056292E+00    3.3312982E+00    1.2192469E+01    8.8695766E+00    1.1591973E-06    4.2775778E-02    5.7797326E-01    1.0448846E-06
    1.2690000E+01    2.3806202E+01    2.1048977E+01    1.1813801E-01    5.4782851E-01    2.1477107E-01    8.5211246E+00    1.0905428E+00    1.7632712E+01    2.0056195E+00    3.3312974E+00    1.2192467E+01    8.8695682E+00    1.1591990E-06    4.2775770E-02    5.7797315E-01    1.0448844E-06
    1.2870000E+01    2.3806197E+01    2.1048982E+01    1.1816181E-01    5.4782848E-01    2.1477104E-01    8.5211228E+00    1.0905426E+00    1.7632709E+01    2.0056132E+00    3.3312966E+00    1.2192464E+01    8.8695597E+00    1.1592009E-06    4.2775761E-02    5.7797303E-01    1.0448842E-06
    1.3050000E+01    2.3806193E+01    2.1048987E+01    1.1818514E-01    5.4782836E-01    2.1477100E-01    8.5211211E+00    1.0905424E+00    1.7632705E+01    2.0056072E+00    3.3312959E+00    1.2192462E+01    8.8695513E+00    1.1592028E-06    4.2775753E-02    5.7797291E-01    1.0448840E-06
    1.3230000E+01    2.3806188E+01    2.1048991E+01    1.1820803E-01    5.4782821E-01    2.1477097E-01    8.5211195E+00    1.0905421E+00    1.7632702E+01    2.0056013E+00    3.3312953E+00    1.2192459E+01    8.8695431E+00    1.1592048E-06    4.2775744E-02    5.7797280E-01    1.0448838E-06
    1.3410000E+01    2.3806183E+01    2.1048996E+01    1.1823048E-01    5.4782807E-01    2.1477093E-01    8.5211178E+00    1.0905419E+00    1.7632699E+01    2.0055955E+00    3.3312948E+00    1.2192457E+01    8.8695349E+00    1.1592069E-06    4.2775736E-02    5.7797269E-01    1.0448836E-06
    1.3590000E+01    2.3806179E+01    2.1049000E+01    1.1825250E-01    5.4782794E-01    2.1477090E-01    8.5211163E+00    1.0905417E+00    1.7632695E+01    2.0055897E+00    3.3312944E+00    1.2192455E+01    8.8695268E+00    1.1592090E-06    4.2775728E-02    5.7797259E-01    1.0448834E-06
    1.3770000E+01    2.3806175E+01    2.1049004E+01    1.1827408E-01    5.4782780E-01    2.1477086E-01    8.5211147E+00    1.0905415E+00    1.7632692E+01    2.0055840E+00    3.3312941E+00    1.2192453E+01    8.8695189E+00    1.1592112E-06    4.2775720E-02    5.7797248E-01    1.0448832E-06
    1.3950000E+01    2.3806171E+01    2.1049008E+01    1.1829524E-01    5.4782764E-01    2.1477083E-01    8.5211132E+00    1.0905414E+00    1.7632689E+01    2.0055784E+00    3.3312938E+00    1.2192451E+01    8.8695110E+00    1.1592135E-06    4.2775713E-02    5.7797238E-01    1.0448831E-06
    1.4130000E+01    2.3806166E+01    2.1049012E+01    1.1831596E-01    5.4782749E-01    2.1477080E-01    8.5211117E+00    1.0905412E+00    1.7632686E+01    2.0055728E+00    3.3312936E+00    1.2192449E+01    8.8695032E+00    1.1592158E-06    4.2775706E-02    5.7797228E-01    1.0448829E-06
    1.4310000E+01    2.3806162E+01    2.1049016E+01    1.1833623E-01    5.4782736E-01    2.1477077E-01    8.5211103E+00    1.0905410E+00    1.7632683E+01    2.0055673E+00    3.3312935E+00    1.2192446E+01    8.8694956E+00    1.1592182E-06    4.2775699E-02    5.7797219E-01    1.0448827E-06
    1.4490000E+01    2.3806159E+01    2.1049019E+01    1.1835605E-01    5.4782723E-01    2.1477074E-01    8.5211089E+00    1.0905408E+00    1.7632680E+01    2.0055619E+00    3.3312934E+00    1.2192445E+01    8.8694880E+00    1.1592207E-06    4.2775692E-02    5.7797209E-01    1.0448825E-06
    1.4670000E+01    2.3806155E+01    2.1049023E+01    1.1837541E-01    5.4782708E-01    2.1477071E-01    8.5211076E+00    1.0905406E+00    1.7632677E+01    2.0055566E+00    3.3312934E+00    1.2192443E+01    8.8694806E+00    1.1592232E-06    4.2775685E-02    5.7797200E-01    1.0448824E-06
    1.4850000E+01    2.3806151E+01    2.1049026E+01    1.1839429E-01    5.4782692E-01    2.1477068E-01    8.5211063E+00    1.0905405E+00    1.7632675E+01    2.0055514E+00    3.3312935E+00    1.2192441E+01    8.8694733E+00    1.1592257E-06    4.2775679E-02    5.7797191E-01    1.0448822E-06
    1.5030000E+01    2.3806148E+01    2.1049030E+01    1.1841268E-01    5.4782659E-01    2.1477066E-01    8.5211051E+00    1.0905403E+00    1.7632672E+01    2.0055465E+00    3.3312936E+00    1.2192439E+01    8.8694661E+00    1.1592283E-06    4.2775672E-02    5.7797183E-01    1.0448821E-06
    1.5210000E+01    2.3806145E+01    2.1049033E+01    1.1843056E-01    5.4782632E-01    2.1477063E-01    8.5211039E+00    1.0905402E+00    1.7632670E+01    2.0055416E+00    3.3312937E+00    1.2192437E+01    8.8694590E+00    1.1592310E-06    4.2775666E-02    5.7797175E-01    1.0448819E-06
    1.5390000E+01    2.3806141E+01    2.1049036E+01    1.1844792E-01    5.4782584E-01    2.1477061E-01    8.5211027E+00    1.0905400E+00    1.7632667E+01    2.0055369E+00    3.3312939E+00    1.2192436E+01    8.8694520E+00    1.1592337E-06    4.2775661E-02    5.7797167E-01    1.0448818E-06
    1.5570000E+01    2.3806138E+01    2.1049039E+01    1.1846473E-01    5.4782544E-01    2.1477058E-01    8.5211016E+00    1.0905399E+00    1.7632665E+01    2.0055323E+00    3.3312942E+00    1.2192434E+01    8.8694451E+00    1.1592364E-06    4.2775655E-02    5.7797160E-01    1.0448816E-06
    1.5750000E+01    2.3806135E+01    2.1049042E+01    1.1848099E-01    5.4782481E-01    2.1477056E-01    8.5211006E+00    1.0905397E+00    1.7632663E+01    2.0055279E+00    3.3312945E+00    1.2192433E+01    8.8694384E+00    1.1592391E-06    4.2775650E-02    5.7797153E-01    1.0448815E-06
    1.5930000E+01    2.3806133E+01    2.1049045E+01    1.1849666E-01    5.4782426E-01    2.1477054E-01    8.5210996E+00    1.0905396E+00    1.7632661E+01    2.0055237E+00    3.3312948E+00    1.2192431E+01    8.8694318E+00    1.1592419E-06    4.2775645E-02    5.7797146E-01    1.0448814E-06
    1.6110000E+01    2.3806130E+01    2.1049048E+01    1.1851171E-01    5.4782356E-01    2.1477052E-01    8.5210987E+00    1.0905395E+00    1.7632659E+01    2.0055196E+00    3.3312952E+00    1.2192430E+01    8.8694253E+00    1.1592447E-06    4.2775640E-02    5.7797140E-01    1.0448813E-06
    1.6290000E+01    2.3806128E+01    2.1049050E+01    1.1852614E-01    5.4782288E-01    2.1477050E-01    8.5210978E+00    1.0905394E+00    1.7632657E+01    2.0055157E+00    3.3312957E+00    1.2192429E+01    8.8694189E+00    1.1592474E-06    4.2775636E-02    5.7797134E-01    1.0448812E-06
    1.6470000E+01    2.3806125E+01    2.1049053E+01    1.1853990E-01    5.4782213E-01    2.1477048E-01    8.5210970E+00    1.0905393E+00    1.7632656E+01    2.0055120E+00    3.3312962E+00    1.2192427E+01    8.8694127E+00    1.1592502E-06    4.2775632E-02    5.7797128E-01    1.0448811E-06
    1.6650000E+01    2.3806123E+01    2.1049056E+01    1.1855298E-01    5.4782130E-01    2.1477046E-01    8.5210962E+00    1.0905392E+00    1.7632654E+01    2.0055084E+00    3.3312967E+00    1.2192426E+01    8.8694066E+00    1.1592530E-06    4.2775628E-02    5.7797123E-01    1.0448810E-06
    1.6830000E+01    2.3806121E+01    2.1049058E+01    1.1856533E-01    5.4782051E-01    2.1477045E-01    8.5210955E+00    1.0905391E+00    1.7632653E+01    2.0055050E+00    3.3312973E+00    1.2192425E+01    8.8694007E+00    1.1592557E-06    4.2775625E-02    5.7797119E-01    1.0448809E-06
    1.7010000E+01    2.3806120E+01    2.1049060E+01    1.1857693E-01    5.4781947E-01    2.1477043E-01    8.5210949E+00    1.0905390E+00    1.7632651E+01    2.0055019E+00    3.3312979E+00    1.2192425E+01    8.8693949E+00    1.1592584E-06    4.2775621E-02    5.7797114E-01    1.0448808E-06
    1.7190000E+01    2.3806118E+01    2.1049062E+01    1.1858774E-01    5.4781848E-01    2.1477042E-01    8.5210944E+00    1.0905389E+00    1.7632650E+01    2.0054989E+00    3.3312986E+00    1.2192424E+01    8.8693892E+00    1.1592610E-06    4.2775619E-02    5.7797111E-01    1.0448808E-06
    1.7370000E+01    2.3806117E+01    2.1049064E+01    1.1859772E-01    5.4781735E-01    2.1477041E-01    8.5210939E+00    1.0905389E+00    1.7632649E+01    2.0054962E+00    3.3312994E+00    1.2192423E+01    8.8693837E+00    1.1592636E-06    4.2775616E-02    5.7797108E-01    1.0448807E-06
    1.7550000E+01    2.3806116E+01    2.1049066E+01    1.1860684E-01    5.4781616E-01    2.1477040E-01    8.5210935E+00    1.0905388E+00    1.7632648E+01    2.0054936E+00    3.3313002E+00    1.2192423E+01    8.8693784E+00    1.1592662E-06    4.2775615E-02    5.7797105E-01    1.0448807E-06
    1.7730000E+01    2.3806115E+01    2.1049068E+01    1.1861505E-01    5.4781501E-01    2.1477039E-01    8.5210932E+00    1.0905388E+00    1.7632648E+01    2.0054912E+00    3.3313011E+00    1.2192422E+01    8.8693732E+00    1.1592686E-06    4.2775613E-02    5.7797103E-01    1.0448806E-06
    1.7910000E+01    2.3806114E+01    2.1049070E+01    1.1862231E-01    5.4781359E-01    2.1477039E-01    8.5210930E+00    1.0905388E+00    1.7632647E+01    2.0054892E+00    3.3313021E+00    1.2192422E+01    8.8693682E+00    1.1592710E-06    4.2775612E-02    5.7797102E-01    1.0448806E-06
