# Time          5.0000E+01
# Units: Weight % Mineral
    Distance           Quartz           Albite           Dolomite-dis     Microcline       Pyrite           Fe(OH)3          Muscovite        Chamosite-7A     Illite           Kaolinite        Smectite-high    SiO2(am)         Calcite          POMC             O2(s)            Gibbsite     
    9.0000000E-02    2.6551513E+01    1.2271194E+01    9.6723397E-02    3.2846010E-01    0.0000000E+00    8.1926359E+00    1.0915543E+00    1.5856584E+01    1.9407844E+00    8.6874142E+00    1.6064154E+01    8.8761640E+00    1.0789258E-06    4.2815446E-02    1.1570185E-06    1.0458536E-06
    2.7000000E-01    2.6564340E+01    1.2278259E+01    9.7007474E-02    3.2863093E-01    0.0000000E+00    8.1329700E+00    1.0920817E+00    1.5864244E+01    1.9417716E+00    8.7052752E+00    1.6071914E+01    8.8806657E+00    1.0794473E-06    4.2836130E-02    1.1575774E-06    1.0463589E-06
    4.5000000E-01    2.6563945E+01    1.2280060E+01    9.7427520E-02    3.2864738E-01    0.0000000E+00    8.1328573E+00    1.0920654E+00    1.5864008E+01    1.9417986E+00    8.7039385E+00    1.6071675E+01    8.8807379E+00    1.0794314E-06    4.2835492E-02    1.1575602E-06    1.0463433E-06
    6.3000000E-01    2.6563908E+01    1.2282129E+01    9.7880242E-02    3.2867044E-01    0.0000000E+00    8.1328549E+00    1.0920638E+00    1.5863986E+01    1.9418589E+00    8.7012317E+00    1.6071652E+01    8.8809261E+00    1.0794302E-06    4.2835432E-02    1.1575586E-06    1.0463418E-06
    8.1000000E-01    2.6563710E+01    1.2283996E+01    9.8314589E-02    3.2869169E-01    0.0000000E+00    8.1328029E+00    1.0920557E+00    1.5863867E+01    1.9419203E+00    8.6992166E+00    1.6071532E+01    8.8810544E+00    1.0794224E-06    4.2835112E-02    1.1575499E-06    1.0463340E-06
    9.9000000E-01    2.6563428E+01    1.2285640E+01    9.8716549E-02    3.2871165E-01    0.0000000E+00    8.1327246E+00    1.0920441E+00    1.5863699E+01    1.9419887E+00    8.6977001E+00    1.6071362E+01    8.8811477E+00    1.0794112E-06    4.2834656E-02    1.1575376E-06    1.0463229E-06
    1.1700000E+00    2.6563128E+01    1.2287084E+01    9.9082085E-02    3.2873110E-01    0.0000000E+00    8.1326399E+00    1.0920317E+00    1.5863519E+01    1.9420676E+00    8.6964726E+00    1.6071179E+01    8.8812277E+00    1.0793993E-06    4.2834171E-02    1.1575245E-06    1.0463110E-06
    1.3500000E+00    2.6562838E+01    1.2288339E+01    9.9409045E-02    3.2875042E-01    0.0000000E+00    8.1325575E+00    1.0920198E+00    1.5863345E+01    1.9421574E+00    8.6954381E+00    1.6071004E+01    8.8813046E+00    1.0793879E-06    4.2833703E-02    1.1575118E-06    1.0462996E-06
    1.5300000E+00    2.6562571E+01    1.2289411E+01    9.9694671E-02    3.2876976E-01    0.0000000E+00    8.1324814E+00    1.0920088E+00    1.5863186E+01    1.9422579E+00    8.6945562E+00    1.6070843E+01    8.8813835E+00    1.0793775E-06    4.2833274E-02    1.1575002E-06    1.0462891E-06
    1.7100000E+00    2.6562338E+01    1.2290292E+01    9.9934606E-02    3.2878916E-01    0.0000000E+00    8.1324141E+00    1.0919992E+00    1.5863047E+01    1.9423684E+00    8.6938119E+00    1.6070701E+01    8.8814679E+00    1.0793684E-06    4.2832897E-02    1.1574901E-06    1.0462799E-06
    1.8900000E+00    2.6562145E+01    1.2290968E+01    1.0012226E-01    3.2880860E-01    0.0000000E+00    8.1323578E+00    1.0919913E+00    1.5862932E+01    1.9424886E+00    8.6932055E+00    1.6070585E+01    8.8815613E+00    1.0793610E-06    4.2832586E-02    1.1574817E-06    1.0462723E-06
    2.0700000E+00    2.1636423E+01    1.8709948E+01    1.0560095E-01    4.6173780E-01    0.0000000E+00    9.6871198E+00    1.5332661E+00    1.5107012E+01    2.0815040E+00    7.9915394E+00    1.0626411E+01    9.3530778E+00    1.1366495E-06    2.7063574E+00    1.2189159E-06    1.1018040E-06
    2.2500000E+00    2.1636163E+01    1.8710502E+01    1.0573446E-01    4.6177141E-01    0.0000000E+00    9.6870028E+00    1.5332476E+00    1.5106830E+01    2.0818313E+00    7.9911330E+00    1.0626283E+01    9.3531740E+00    1.1366364E-06    2.7063249E+00    1.2189012E-06    1.1017907E-06
    2.4300000E+00    2.1636002E+01    1.8711054E+01    1.0585379E-01    4.6180662E-01    0.0000000E+00    9.6869302E+00    1.5332362E+00    1.5106718E+01    2.0821324E+00    7.9904465E+00    1.0626204E+01    9.3533089E+00    1.1366286E-06    2.7063048E+00    1.2188921E-06    1.1017825E-06
    2.6100000E+00    2.1635851E+01    1.8711554E+01    1.0596326E-01    4.6184259E-01    0.0000000E+00    9.6868619E+00    1.5332255E+00    1.5106612E+01    2.0824296E+00    7.9897968E+00    1.0626130E+01    9.3534437E+00    1.1366214E-06    2.7062859E+00    1.2188836E-06    1.1017749E-06
    2.7900000E+00    2.1635707E+01    1.8712011E+01    1.0606481E-01    4.6187915E-01    0.0000000E+00    9.6867967E+00    1.5332153E+00    1.5106512E+01    2.0827225E+00    7.9891828E+00    1.0626059E+01    9.3535773E+00    1.1366145E-06    2.7062679E+00    1.2188072E-06    1.1017675E-06
    2.9700000E+00    2.1635570E+01    1.8712433E+01    1.0615951E-01    4.6191616E-01    0.0000000E+00    9.6867342E+00    1.5332056E+00    1.5106416E+01    2.0830104E+00    7.9885999E+00    1.0625992E+01    9.3537097E+00    1.1366080E-06    2.7062507E+00    1.2187452E-06    1.1017605E-06
    3.1500000E+00    2.1635438E+01    1.8712823E+01    1.0624805E-01    4.6195089E-01    0.0000000E+00    9.6866744E+00    1.5331963E+00    1.5106324E+01    2.0832929E+00    7.9880461E+00    1.0625927E+01    9.3538409E+00    1.1366019E-06    2.7062342E+00    1.2187092E-06    1.1017538E-06
    3.3300000E+00    2.1635313E+01    1.8713186E+01    1.0633100E-01    4.6197902E-01    0.0000000E+00    9.6866174E+00    1.5331874E+00    1.5106237E+01    2.0835700E+00    7.9875209E+00    1.0625865E+01    9.3539712E+00    1.1365961E-06    2.7062186E+00    1.2186878E-06    1.1017474E-06
    3.5100000E+00    2.1635194E+01    1.8713523E+01    1.0640886E-01    4.6200110E-01    0.0000000E+00    9.6865631E+00    1.5331789E+00    1.5106153E+01    2.0838414E+00    7.9870221E+00    1.0625807E+01    9.3541006E+00    1.1365906E-06    2.7062036E+00    1.2186739E-06    1.1017414E-06
    3.6900000E+00    2.1635080E+01    1.8713838E+01    1.0648204E-01    4.6201850E-01    0.0000000E+00    9.6865111E+00    1.5331708E+00    1.5106074E+01    2.0841069E+00    7.9865472E+00    1.0625751E+01    9.3542289E+00    1.1365855E-06    2.7061894E+00    1.2186634E-06    1.1017356E-06
    3.8700000E+00    2.1634970E+01    1.8714132E+01    1.0655090E-01    4.6203233E-01    0.0000000E+00    9.6864614E+00    1.5331631E+00    1.5105997E+01    2.0843662E+00    7.9860944E+00    1.0625697E+01    9.3543562E+00    1.1365806E-06    2.7061757E+00    1.2186549E-06    1.1017300E-06
    4.0500000E+00    2.1634866E+01    1.8714406E+01    1.0661578E-01    4.6204336E-01    0.0000000E+00    9.6864137E+00    1.5331557E+00    1.5105924E+01    2.0846191E+00    7.9856620E+00    1.0625646E+01    9.3544823E+00    1.1365760E-06    2.7061626E+00    1.2186477E-06    1.1017247E-06
    4.2300000E+00    2.1634765E+01    1.8714664E+01    1.0667699E-01    4.6205218E-01    0.0000000E+00    9.6863679E+00    1.5331486E+00    1.5105854E+01    2.0848655E+00    7.9852486E+00    1.0625596E+01    9.3546074E+00    1.1365717E-06    2.7061501E+00    1.2186413E-06    1.1017195E-06
    4.4100000E+00    2.1634669E+01    1.8714905E+01    1.0673479E-01    4.6205921E-01    0.0000000E+00    9.6863239E+00    1.5331417E+00    1.5105787E+01    2.0851055E+00    7.9848528E+00    1.0625549E+01    9.3547313E+00    1.1365676E-06    2.7061380E+00    1.2186355E-06    1.1017146E-06
    4.5900000E+00    2.1634576E+01    1.8715131E+01    1.0678943E-01    4.6206482E-01    0.0000000E+00    9.6862817E+00    1.5331351E+00    1.5105722E+01    2.0853389E+00    7.9844737E+00    1.0625503E+01    9.3548540E+00    1.1365637E-06    2.7061264E+00    1.2186300E-06    1.1017099E-06
    4.7700000E+00    2.1634486E+01    1.8715345E+01    1.0684115E-01    4.6206927E-01    0.0000000E+00    9.6862410E+00    1.5331288E+00    1.5105659E+01    2.0855658E+00    7.9841101E+00    1.0625459E+01    9.3549755E+00    1.1365600E-06    2.7061152E+00    1.2186249E-06    1.1017053E-06
    4.9500000E+00    2.1634400E+01    1.8715545E+01    1.0689016E-01    4.6207274E-01    0.0000000E+00    9.6862018E+00    1.5331227E+00    1.5105599E+01    2.0857863E+00    7.9837612E+00    1.0625417E+01    9.3550959E+00    1.1365565E-06    2.7061044E+00    1.2186199E-06    1.1017009E-06
    5.1300000E+00    2.1634317E+01    1.8715735E+01    1.0693667E-01    4.6207542E-01    0.0000000E+00    9.6861639E+00    1.5331168E+00    1.5105541E+01    2.0860004E+00    7.9834260E+00    1.0625376E+01    9.3552150E+00    1.1365531E-06    2.7060940E+00    1.2186152E-06    1.1016967E-06
    5.3100000E+00    2.1634236E+01    1.8715914E+01    1.0698089E-01    4.6207738E-01    0.0000000E+00    9.6861274E+00    1.5331111E+00    1.5105485E+01    2.0862082E+00    7.9831037E+00    1.0625337E+01    9.3553329E+00    1.1365500E-06    2.7060839E+00    1.2186106E-06    1.1016926E-06
    5.4900000E+00    2.1634158E+01    1.8716084E+01    1.0702304E-01    4.6207878E-01    0.0000000E+00    9.6860922E+00    1.5331055E+00    1.5105430E+01    2.0864097E+00    7.9827934E+00    1.0625298E+01    9.3554496E+00    1.1365470E-06    2.7060741E+00    1.2186062E-06    1.1016886E-06
    5.6700000E+00    2.1634082E+01    1.8716246E+01    1.0706334E-01    4.6207970E-01    0.0000000E+00    9.6860580E+00    1.5331002E+00    1.5105377E+01    2.0866051E+00    7.9824943E+00    1.0625261E+01    9.3555650E+00    1.1365441E-06    2.7060646E+00    1.2186019E-06    1.1016848E-06
    5.8500000E+00    2.1634009E+01    1.8716401E+01    1.0710205E-01    4.6208020E-01    0.0000000E+00    9.6860250E+00    1.5330950E+00    1.5105326E+01    2.0867944E+00    7.9822054E+00    1.0625225E+01    9.3556790E+00    1.1365414E-06    2.7060554E+00    1.2185977E-06    1.1016810E-06
    6.0300000E+00    2.1633937E+01    1.8716550E+01    1.0713948E-01    4.6208034E-01    0.0000000E+00    9.6859928E+00    1.5330899E+00    1.5105276E+01    2.0869777E+00    7.9819258E+00    1.0625189E+01    9.3557917E+00    1.1365388E-06    2.7060464E+00    1.2185937E-06    1.1016774E-06
    6.2100000E+00    2.1633866E+01    1.8716696E+01    1.0717596E-01    4.6208018E-01    0.0000000E+00    9.6859615E+00    1.5330849E+00    1.5105227E+01    2.0871550E+00    7.9816542E+00    1.0625155E+01    9.3559030E+00    1.1365363E-06    2.7060376E+00    1.2185897E-06    1.1016738E-06
    6.3900000E+00    2.1633797E+01    1.8716840E+01    1.0721196E-01    4.6207966E-01    0.0000000E+00    9.6859308E+00    1.5330800E+00    1.5105178E+01    2.0873263E+00    7.9813895E+00    1.0625121E+01    9.3560126E+00    1.1365339E-06    2.7060290E+00    1.2185858E-06    1.1016703E-06
    6.5700000E+00    2.1633729E+01    1.8716985E+01    1.0724802E-01    4.6207894E-01    0.0000000E+00    9.6859006E+00    1.5330751E+00    1.5105130E+01    2.0874915E+00    7.9811298E+00    1.0625087E+01    9.3561205E+00    1.1365316E-06    2.7060204E+00    1.2185820E-06    1.1016668E-06
    6.7500000E+00    2.1633660E+01    1.8717134E+01    1.0728486E-01    4.6207803E-01    0.0000000E+00    9.6858706E+00    1.5330703E+00    1.5105083E+01    2.0876504E+00    7.9808732E+00    1.0625054E+01    9.3562263E+00    1.1365293E-06    2.7060118E+00    1.2185781E-06    1.1016633E-06
    6.9300000E+00    2.1633591E+01    1.8717292E+01    1.0732343E-01    4.6207681E-01    0.0000000E+00    9.6858406E+00    1.5330654E+00    1.5105034E+01    2.0878028E+00    7.9806172E+00    1.0625020E+01    9.3563299E+00    1.1365269E-06    2.7060032E+00    1.2185742E-06    1.1016598E-06
    7.1100000E+00    2.1633521E+01    1.8717463E+01    1.0736496E-01    4.6207540E-01    0.0000000E+00    9.6858100E+00    1.5330604E+00    1.5104985E+01    2.0879483E+00    7.9803585E+00    1.0624985E+01    9.3564306E+00    1.1365246E-06    2.7059944E+00    1.2185702E-06    1.1016562E-06
    7.2900000E+00    2.1633447E+01    1.8717656E+01    1.0741109E-01    4.6207383E-01    0.0000000E+00    9.6857785E+00    1.5330552E+00    1.5104934E+01    2.0880862E+00    7.9800928E+00    1.0624949E+01    9.3565280E+00    1.1365221E-06    2.7059852E+00    1.2185661E-06    1.1016524E-06
    7.4700000E+00    2.1633369E+01    1.8717880E+01    1.0746400E-01    4.6207216E-01    0.0000000E+00    9.6857452E+00    1.5330496E+00    1.5104879E+01    2.0882155E+00    7.9798148E+00    1.0624911E+01    9.3566212E+00    1.1365195E-06    2.7059754E+00    1.2185617E-06    1.1016484E-06
    7.6500000E+00    2.1633284E+01    1.8718148E+01    1.0752662E-01    4.6207035E-01    0.0000000E+00    9.6857094E+00    1.5330436E+00    1.5104820E+01    2.0883348E+00    7.9795170E+00    1.0624869E+01    9.3567091E+00    1.1365165E-06    2.7059648E+00    1.2185569E-06    1.1016441E-06
    7.8300000E+00    2.1633190E+01    1.8718477E+01    1.0760290E-01    4.6206833E-01    0.0000000E+00    9.6856696E+00    1.5330369E+00    1.5104754E+01    2.0884424E+00    7.9791900E+00    1.0624823E+01    9.3567901E+00    1.1365132E-06    2.7059530E+00    1.2185516E-06    1.1016393E-06
    8.0100000E+00    2.1633082E+01    1.8718890E+01    1.0769816E-01    4.6206602E-01    0.0000000E+00    9.6856243E+00    1.5330293E+00    1.5104679E+01    2.0885354E+00    7.9788212E+00    1.0624770E+01    9.3568625E+00    1.1365092E-06    2.7059395E+00    1.2185456E-06    1.1016338E-06
    8.1900000E+00    2.2422410E+01    1.9269951E+01    1.0320435E-01    4.4227301E-01    0.0000000E+00    1.0076877E+01    1.5896406E+00    1.5569784E+01    2.1657607E+00    8.3102188E+00    1.1048506E+01    8.9582040E+00    1.0878273E-06    4.3167136E-02    1.1647808E-06    1.0544443E-06
    8.3700000E+00    2.2422258E+01    1.9270543E+01    1.0333361E-01    4.4227001E-01    0.0000000E+00    1.0076813E+01    1.5896298E+00    1.5569678E+01    2.1659341E+00    8.3096598E+00    1.1048431E+01    8.9582800E+00    1.0878215E-06    4.3166842E-02    1.1647732E-06    1.0544372E-06
    8.5500000E+00    2.2422105E+01    1.9271146E+01    1.0346627E-01    4.4226699E-01    0.0000000E+00    1.0076749E+01    1.5896190E+00    1.5569572E+01    2.1660921E+00    8.3091073E+00    1.1048356E+01    8.9583507E+00    1.0878156E-06    4.3166548E-02    1.1647656E-06    1.0544300E-06
    8.7300000E+00    2.2421955E+01    1.9271745E+01    1.0359885E-01    4.4226403E-01    0.0000000E+00    1.0076686E+01    1.5896084E+00    1.5569467E+01    2.1662370E+00    8.3085693E+00    1.1048282E+01    8.9584173E+00    1.0878100E-06    4.3166259E-02    1.1647583E-06    1.0544229E-06
    8.9100000E+00    2.2421809E+01    1.9272332E+01    1.0372969E-01    4.4226115E-01    0.0000000E+00    1.0076625E+01    1.5895980E+00    1.5569366E+01    2.1663708E+00    8.3080493E+00    1.1048210E+01    8.9584805E+00    1.0878046E-06    4.3165978E-02    1.1647514E-06    1.0544161E-06
    9.0900000E+00    2.2421667E+01    1.9272903E+01    1.0385800E-01    4.4225835E-01    0.0000000E+00    1.0076565E+01    1.5895879E+00    1.5569267E+01    2.1664947E+00    8.3075485E+00    1.1048140E+01    8.9585407E+00    1.0877994E-06    4.3165705E-02    1.1647448E-06    1.0544094E-06
    9.2700000E+00    2.2421530E+01    1.9273458E+01    1.0398347E-01    4.4225564E-01    0.0000000E+00    1.0076507E+01    1.5895782E+00    1.5569172E+01    2.1666096E+00    8.3070669E+00    1.1048073E+01    8.9585981E+00    1.0877945E-06    4.3165440E-02    1.1647386E-06    1.0544029E-06
    9.4500000E+00    2.2421397E+01    1.9273995E+01    1.0410602E-01    4.4225303E-01    0.0000000E+00    1.0076451E+01    1.5895688E+00    1.5569080E+01    2.1667163E+00    8.3066040E+00    1.1048007E+01    8.9586528E+00    1.0877898E-06    4.3165185E-02    1.1647329E-06    1.0543967E-06
    9.6300000E+00    2.2421269E+01    1.9274516E+01    1.0422565E-01    4.4225050E-01    0.0000000E+00    1.0076397E+01    1.5895597E+00    1.5568991E+01    2.1668154E+00    8.3061591E+00    1.1047944E+01    8.9587050E+00    1.0877854E-06    4.3164938E-02    1.1647277E-06    1.0543907E-06
    9.8100000E+00    2.2421145E+01    1.9275021E+01    1.0434245E-01    4.4224805E-01    0.0000000E+00    1.0076344E+01    1.5895509E+00    1.5568905E+01    2.1669073E+00    8.3057313E+00    1.1047883E+01    8.9587547E+00    1.0877812E-06    4.3164699E-02    1.1647230E-06    1.0543848E-06
    9.9900000E+00    2.2421025E+01    1.9275510E+01    1.0445649E-01    4.4224569E-01    0.0000000E+00    1.0076293E+01    1.5895424E+00    1.5568822E+01    2.1669925E+00    8.3053199E+00    1.1047824E+01    8.9588020E+00    1.0877772E-06    4.3164468E-02    1.1647189E-06    1.0543792E-06
    1.0170000E+01    2.2420909E+01    1.9275985E+01    1.0456787E-01    4.4224340E-01    0.0000000E+00    1.0076243E+01    1.5895342E+00    1.5568741E+01    2.1670713E+00    8.3049241E+00    1.1047767E+01    8.9588470E+00    1.0877735E-06    4.3164245E-02    1.1647154E-06    1.0543737E-06
    1.0350000E+01    2.2420797E+01    1.9276446E+01    1.0467667E-01    4.4224119E-01    0.0000000E+00    1.0076194E+01    1.5895262E+00    1.5568663E+01    2.1671442E+00    8.3045432E+00    1.1047711E+01    8.9588898E+00    1.0877700E-06    4.3164029E-02    1.1647126E-06    1.0543685E-06
    1.0530000E+01    2.2420688E+01    1.9276893E+01    1.0478297E-01    4.4223904E-01    0.0000000E+00    1.0076147E+01    1.5895185E+00    1.5568588E+01    2.1672115E+00    8.3041764E+00    1.1047658E+01    8.9589305E+00    1.0877666E-06    4.3163820E-02    1.1647106E-06    1.0543634E-06
    1.0710000E+01    2.2420583E+01    1.9277327E+01    1.0488683E-01    4.4223697E-01    0.0000000E+00    1.0076101E+01    1.5895111E+00    1.5568515E+01    2.1672735E+00    8.3038233E+00    1.1047606E+01    8.9589690E+00    1.0877635E-06    4.3163618E-02    1.1647060E-06    1.0543584E-06
    1.0890000E+01    2.2420481E+01    1.9277749E+01    1.0498830E-01    4.4223497E-01    0.0000000E+00    1.0076057E+01    1.5895039E+00    1.5568444E+01    2.1673305E+00    8.3034832E+00    1.1047556E+01    8.9590056E+00    1.0877605E-06    4.3163422E-02    1.1647009E-06    1.0543536E-06
    1.1070000E+01    2.2420383E+01    1.9278158E+01    1.0508741E-01    4.4223303E-01    0.0000000E+00    1.0076013E+01    1.5894969E+00    1.5568376E+01    2.1673829E+00    8.3031557E+00    1.1047508E+01    8.9590402E+00    1.0877578E-06    4.3163233E-02    1.1646961E-06    1.0543490E-06
    1.1250000E+01    2.2420288E+01    1.9278554E+01    1.0518414E-01    4.4223115E-01    0.0000000E+00    1.0075971E+01    1.5894902E+00    1.5568310E+01    2.1674311E+00    8.3028403E+00    1.1047461E+01    8.9590729E+00    1.0877552E-06    4.3163050E-02    1.1646915E-06    1.0543445E-06
    1.1430000E+01    2.2420196E+01    1.9278939E+01    1.0527847E-01    4.4222934E-01    0.0000000E+00    1.0075930E+01    1.5894837E+00    1.5568246E+01    2.1674753E+00    8.3025368E+00    1.1047416E+01    8.9591040E+00    1.0877528E-06    4.3162873E-02    1.1646872E-06    1.0543402E-06
    1.1610000E+01    2.2420107E+01    1.9279311E+01    1.0537031E-01    4.4222759E-01    0.0000000E+00    1.0075890E+01    1.5894774E+00    1.5568185E+01    2.1675160E+00    8.3022448E+00    1.1047372E+01    8.9591333E+00    1.0877506E-06    4.3162702E-02    1.1646833E-06    1.0543361E-06
    1.1790000E+01    2.2420022E+01    1.9279670E+01    1.0545952E-01    4.4222590E-01    0.0000000E+00    1.0075851E+01    1.5894713E+00    1.5568125E+01    2.1675536E+00    8.3019644E+00    1.1047330E+01    8.9591612E+00    1.0877486E-06    4.3162538E-02    1.1646796E-06    1.0543320E-06
    1.1970000E+01    2.2419940E+01    1.9280016E+01    1.0554588E-01    4.4222428E-01    0.0000000E+00    1.0075814E+01    1.5894655E+00    1.5568068E+01    2.1675885E+00    8.3016955E+00    1.1047289E+01    8.9591876E+00    1.0877467E-06    4.3162379E-02    1.1646763E-06    1.0543282E-06
    1.2150000E+01    2.2419861E+01    1.9280348E+01    1.0562907E-01    4.4222273E-01    0.0000000E+00    1.0075778E+01    1.5894599E+00    1.5568013E+01    2.1676214E+00    8.3014385E+00    1.1047250E+01    8.9592129E+00    1.0877450E-06    4.3162228E-02    1.1646735E-06    1.0543245E-06
    1.2330000E+01    2.2419786E+01    1.9280663E+01    1.0570860E-01    4.4222125E-01    0.0000000E+00    1.0075743E+01    1.5894546E+00    1.5567961E+01    2.1676529E+00    8.3011937E+00    1.1047213E+01    8.9592372E+00    1.0877435E-06    4.3162083E-02    1.1646713E-06    1.0543209E-06
    1.2510000E+01    2.3808368E+01    2.1045000E+01    1.1054414E-01    5.4787710E-01    2.1485055E-01    8.5218188E+00    1.0906420E+00    1.7634317E+01    2.0078727E+00    3.3329410E+00    1.2193576E+01    8.8722325E+00    1.1592567E-06    4.2779662E-02    5.7717704E-01    1.0449795E-06
    1.2690000E+01    2.3808366E+01    2.1045036E+01    1.1057569E-01    5.4787686E-01    2.1484975E-01    8.5218256E+00    1.0906419E+00    1.7634315E+01    2.0078338E+00    3.3329125E+00    1.2193575E+01    8.8722317E+00    1.1592566E-06    4.2779658E-02    5.7717829E-01    1.0449794E-06
    1.2870000E+01    2.3808353E+01    2.1045061E+01    1.1060683E-01    5.4787679E-01    2.1484887E-01    8.5218274E+00    1.0906413E+00    1.7634305E+01    2.0078264E+00    3.3328967E+00    1.2193568E+01    8.8722267E+00    1.1592560E-06    4.2779634E-02    5.7717955E-01    1.0449788E-06
    1.3050000E+01    2.3808340E+01    2.1045086E+01    1.1063765E-01    5.4787670E-01    2.1484801E-01    8.5218284E+00    1.0906407E+00    1.7634296E+01    2.0078191E+00    3.3328815E+00    1.2193562E+01    8.8722218E+00    1.1592554E-06    4.2779610E-02    5.7718114E-01    1.0449783E-06
    1.3230000E+01    2.3808327E+01    2.1045111E+01    1.1066816E-01    5.4787657E-01    2.1484718E-01    8.5218288E+00    1.0906401E+00    1.7634286E+01    2.0078116E+00    3.3328667E+00    1.2193555E+01    8.8722170E+00    1.1592548E-06    4.2779587E-02    5.7718308E-01    1.0449777E-06
    1.3410000E+01    2.3808314E+01    2.1045136E+01    1.1069837E-01    5.4787642E-01    2.1484639E-01    8.5218285E+00    1.0906395E+00    1.7634277E+01    2.0078042E+00    3.3328522E+00    1.2193548E+01    8.8722121E+00    1.1592542E-06    4.2779565E-02    5.7718543E-01    1.0449771E-06
    1.3590000E+01    2.3808302E+01    2.1045160E+01    1.1072829E-01    5.4787624E-01    2.1484561E-01    8.5218276E+00    1.0906390E+00    1.7634267E+01    2.0077967E+00    3.3328380E+00    1.2193542E+01    8.8722074E+00    1.1592536E-06    4.2779542E-02    5.7718821E-01    1.0449766E-06
    1.3770000E+01    2.3808289E+01    2.1045184E+01    1.1075793E-01    5.4787605E-01    2.1484487E-01    8.5218262E+00    1.0906384E+00    1.7634258E+01    2.0077892E+00    3.3328241E+00    1.2193536E+01    8.8722026E+00    1.1592530E-06    4.2779520E-02    5.7719147E-01    1.0449761E-06
    1.3950000E+01    2.3808277E+01    2.1045208E+01    1.1078729E-01    5.4787586E-01    2.1484415E-01    8.5218244E+00    1.0906379E+00    1.7634249E+01    2.0077816E+00    3.3328104E+00    1.2193530E+01    8.8721978E+00    1.1592525E-06    4.2779498E-02    5.7719522E-01    1.0449755E-06
    1.4130000E+01    2.3808265E+01    2.1045231E+01    1.1081638E-01    5.4787564E-01    2.1484346E-01    8.5218222E+00    1.0906373E+00    1.7634240E+01    2.0077741E+00    3.3327970E+00    1.2193523E+01    8.8721930E+00    1.1592519E-06    4.2779476E-02    5.7719950E-01    1.0449750E-06
    1.4310000E+01    2.3808253E+01    2.1045254E+01    1.1084521E-01    5.4787541E-01    2.1484280E-01    8.5218197E+00    1.0906367E+00    1.7634231E+01    2.0077665E+00    3.3327838E+00    1.2193517E+01    8.8721883E+00    1.1592514E-06    4.2779455E-02    5.7720432E-01    1.0449745E-06
    1.4490000E+01    2.3808241E+01    2.1045277E+01    1.1087377E-01    5.4787517E-01    2.1484216E-01    8.5218168E+00    1.0906362E+00    1.7634223E+01    2.0077589E+00    3.3327708E+00    1.2193511E+01    8.8721835E+00    1.1592508E-06    4.2779433E-02    5.7720968E-01    1.0449739E-06
    1.4670000E+01    2.3808229E+01    2.1045299E+01    1.1090208E-01    5.4787493E-01    2.1484156E-01    8.5218137E+00    1.0906357E+00    1.7634214E+01    2.0077513E+00    3.3327581E+00    1.2193505E+01    8.8721787E+00    1.1592503E-06    4.2779412E-02    5.7721558E-01    1.0449734E-06
    1.4850000E+01    2.3808217E+01    2.1045321E+01    1.1093013E-01    5.4787468E-01    2.1484097E-01    8.5218104E+00    1.0906351E+00    1.7634205E+01    2.0077437E+00    3.3327455E+00    1.2193499E+01    8.8721739E+00    1.1592497E-06    4.2779391E-02    5.7722199E-01    1.0449729E-06
    1.5030000E+01    2.3808205E+01    2.1045343E+01    1.1095793E-01    5.4787444E-01    2.1484042E-01    8.5218069E+00    1.0906346E+00    1.7634196E+01    2.0077361E+00    3.3327332E+00    1.2193493E+01    8.8721690E+00    1.1592492E-06    4.2779369E-02    5.7722888E-01    1.0449724E-06
    1.5210000E+01    2.3808194E+01    2.1045364E+01    1.1098548E-01    5.4787419E-01    2.1483989E-01    8.5218032E+00    1.0906340E+00    1.7634188E+01    2.0077284E+00    3.3327211E+00    1.2193487E+01    8.8721642E+00    1.1592486E-06    4.2779348E-02    5.7723621E-01    1.0449719E-06
    1.5390000E+01    2.3808182E+01    2.1045385E+01    1.1101278E-01    5.4787394E-01    2.1483939E-01    8.5217994E+00    1.0906335E+00    1.7634179E+01    2.0077207E+00    3.3327092E+00    1.2193481E+01    8.8721593E+00    1.1592481E-06    4.2779327E-02    5.7724389E-01    1.0449713E-06
    1.5570000E+01    2.3808170E+01    2.1045405E+01    1.1103983E-01    5.4787369E-01    2.1483892E-01    8.5217955E+00    1.0906330E+00    1.7634170E+01    2.0077130E+00    3.3326975E+00    1.2193475E+01    8.8721544E+00    1.1592475E-06    4.2779306E-02    5.7725186E-01    1.0449708E-06
    1.5750000E+01    2.3808159E+01    2.1045426E+01    1.1106664E-01    5.4787344E-01    2.1483847E-01    8.5217916E+00    1.0906324E+00    1.7634162E+01    2.0077053E+00    3.3326860E+00    1.2193469E+01    8.8721495E+00    1.1592470E-06    4.2779286E-02    5.7726002E-01    1.0449703E-06
    1.5930000E+01    2.3808147E+01    2.1045446E+01    1.1109319E-01    5.4787319E-01    2.1483805E-01    8.5217875E+00    1.0906319E+00    1.7634153E+01    2.0076976E+00    3.3326748E+00    1.2193463E+01    8.8721447E+00    1.1592465E-06    4.2779265E-02    5.7726826E-01    1.0449698E-06
    1.6110000E+01    2.3808136E+01    2.1045466E+01    1.1111947E-01    5.4787294E-01    2.1483766E-01    8.5217835E+00    1.0906314E+00    1.7634145E+01    2.0076899E+00    3.3326637E+00    1.2193457E+01    8.8721398E+00    1.1592460E-06    4.2779245E-02    5.7727647E-01    1.0449693E-06
    1.6290000E+01    2.3808125E+01    2.1045485E+01    1.1114548E-01    5.4787269E-01    2.1483729E-01    8.5217795E+00    1.0906309E+00    1.7634137E+01    2.0076823E+00    3.3326529E+00    1.2193452E+01    8.8721350E+00    1.1592455E-06    4.2779225E-02    5.7728451E-01    1.0449688E-06
    1.6470000E+01    2.3808114E+01    2.1045505E+01    1.1117120E-01    5.4787245E-01    2.1483696E-01    8.5217755E+00    1.0906304E+00    1.7634128E+01    2.0076746E+00    3.3326422E+00    1.2193446E+01    8.8721303E+00    1.1592450E-06    4.2779205E-02    5.7729226E-01    1.0449684E-06
    1.6650000E+01    2.3808103E+01    2.1045524E+01    1.1119660E-01    5.4787221E-01    2.1483665E-01    8.5217715E+00    1.0906299E+00    1.7634121E+01    2.0076670E+00    3.3326318E+00    1.2193440E+01    8.8721256E+00    1.1592445E-06    4.2779186E-02    5.7729957E-01    1.0449679E-06
    1.6830000E+01    2.3808093E+01    2.1045543E+01    1.1122165E-01    5.4787197E-01    2.1483637E-01    8.5217676E+00    1.0906294E+00    1.7634113E+01    2.0076595E+00    3.3326217E+00    1.2193435E+01    8.8721209E+00    1.1592440E-06    4.2779167E-02    5.7730632E-01    1.0449674E-06
    1.7010000E+01    2.3808083E+01    2.1045561E+01    1.1124630E-01    5.4787173E-01    2.1483612E-01    8.5217637E+00    1.0906289E+00    1.7634105E+01    2.0076520E+00    3.3326118E+00    1.2193430E+01    8.8721164E+00    1.1592435E-06    4.2779149E-02    5.7731237E-01    1.0449670E-06
    1.7190000E+01    2.3808073E+01    2.1045580E+01    1.1127048E-01    5.4787150E-01    2.1483590E-01    8.5217600E+00    1.0906285E+00    1.7634098E+01    2.0076447E+00    3.3326022E+00    1.2193425E+01    8.8721120E+00    1.1592431E-06    4.2779131E-02    5.7731761E-01    1.0449666E-06
    1.7370000E+01    2.3808064E+01    2.1045598E+01    1.1129409E-01    5.4787128E-01    2.1483571E-01    8.5217564E+00    1.0906281E+00    1.7634091E+01    2.0076375E+00    3.3325929E+00    1.2193420E+01    8.8721077E+00    1.1592427E-06    4.2779115E-02    5.7732191E-01    1.0449662E-06
    1.7550000E+01    2.3808055E+01    2.1045616E+01    1.1131701E-01    5.4787108E-01    2.1483555E-01    8.5217529E+00    1.0906277E+00    1.7634085E+01    2.0076305E+00    3.3325839E+00    1.2193416E+01    8.8721036E+00    1.1592423E-06    4.2779099E-02    5.7732520E-01    1.0449658E-06
    1.7730000E+01    2.3808047E+01    2.1045633E+01    1.1133905E-01    5.4787088E-01    2.1483542E-01    8.5217497E+00    1.0906273E+00    1.7634079E+01    2.0076238E+00    3.3325754E+00    1.2193412E+01    8.8720997E+00    1.1592419E-06    4.2779085E-02    5.7732739E-01    1.0449654E-06
    1.7910000E+01    2.3808039E+01    2.1045649E+01    1.1135996E-01    5.4787071E-01    2.1483533E-01    8.5217466E+00    1.0906270E+00    1.7634073E+01    2.0076175E+00    3.3325674E+00    1.2193408E+01    8.8720960E+00    1.1592416E-06    4.2779071E-02    5.7732842E-01    1.0449651E-06
