# Time          5.0000E+01
# Units: Log10 mol/kgw
    Distance      pH               H+               Li+              Na+              Ca++             K+               Al+++            SiO2(aq)         CO2(aq)          O2(aq)           Methane(aq)      Fe++             Fe+++            HS-              SO4--            Mg++             Cl-              CH2O             Tracer           HCO3-            Al(OH)2+         AlO2-            AlOH++           FeOH+            FeOH++           FeSO4(aq)        FeSO4+           OH-              CO3--            FeCO3(aq)        FeCO3+           FeHCO3+          NaCO3-           NaHCO3(aq)   
    9.0000000E-02    5.8114872E+00   -5.8044654E+00   -3.9999999E+00   -4.8661028E+00   -5.1193579E+00   -5.1700743E+00   -6.7842441E+00   -4.6862818E+00   -2.9717045E+00   -3.4714771E+00   -6.4486734E+00   -7.1931693E+00   -1.4152197E+01   -1.4000000E+01   -1.4000004E+01   -5.3031216E+00   -1.4000000E+01   -4.2697392E+00   -3.0000000E+01   -3.5964929E+00   -6.6134940E+00   -7.9682184E+00   -6.3665420E+00   -1.0903000E+01   -1.0565268E+01   -1.9050473E+01   -2.6512498E+01   -8.6466797E+00   -8.2262431E+00   -1.0612689E+01   -1.2185152E+01   -8.0981675E+00   -1.2450053E+01   -8.2090303E+00
    2.7000000E-01    5.8561769E+00   -5.8485396E+00   -3.9999999E+00   -4.6503858E+00   -4.8614127E+00   -5.0011975E+00   -7.1824653E+00   -4.4224534E+00   -2.9661231E+00   -3.4839254E+00   -6.4486764E+00   -7.0940053E+00   -1.4498587E+01   -1.4000000E+01   -1.4000005E+01   -5.0414939E+00   -1.4000000E+01   -5.2450650E+00   -3.0000000E+01   -3.5455715E+00   -6.9272419E+00   -8.1925869E+00   -6.7230490E+00   -1.0761040E+01   -1.0869944E+01   -1.8956443E+01   -2.6866385E+01   -8.6013407E+00   -8.1287014E+00   -1.0421103E+01   -1.2441483E+01   -7.9506214E+00   -1.2139371E+01   -7.9436884E+00
    4.5000000E-01    5.8951099E+00   -5.8869341E+00   -3.9999999E+00   -4.5171194E+00   -4.7155096E+00   -4.8336518E+00   -7.4717557E+00   -4.2724113E+00   -2.9614622E+00   -3.4965054E+00   -6.4486792E+00   -7.0556939E+00   -1.4610245E+01   -1.4000000E+01   -1.4000005E+01   -4.8969707E+00   -1.4000000E+01   -6.1192468E+00   -3.0000000E+01   -3.5014061E+00   -7.1429574E+00   -8.3304363E+00   -6.9760024E+00   -1.0685455E+01   -1.0945265E+01   -1.8922638E+01   -2.6984609E+01   -8.5618371E+00   -8.0439078E+00   -1.0302492E+01   -1.2474902E+01   -7.8703718E+00   -1.1923574E+01   -7.7673956E+00
    6.3000000E-01    5.9274158E+00   -5.9187640E+00   -3.9999999E+00   -4.4215849E+00   -4.6164157E+00   -4.6873201E+00   -7.6868303E+00   -4.1703405E+00   -2.9555848E+00   -3.5094827E+00   -6.4486819E+00   -7.0483573E+00   -1.4702676E+01   -1.4000000E+01   -1.4000005E+01   -4.7996509E+00   -1.4000000E+01   -6.6098870E+00   -3.0000000E+01   -3.4627158E+00   -7.2972123E+00   -8.4200796E+00   -7.1610601E+00   -1.0647282E+01   -1.1007679E+01   -1.8919296E+01   -2.7082850E+01   -8.5290250E+00   -7.9714085E+00   -1.0226639E+01   -1.2500631E+01   -7.8263178E+00   -1.1757547E+01   -7.6341812E+00
    8.1000000E-01    5.9539646E+00   -5.9448842E+00   -3.9999999E+00   -4.3474356E+00   -4.5417935E+00   -4.5658274E+00   -7.8556971E+00   -4.0943229E+00   -2.9481880E+00   -3.5229094E+00   -6.4486844E+00   -7.0570757E+00   -1.4778344E+01   -1.4000000E+01   -1.4000005E+01   -4.7267130E+00   -1.4000000E+01   -6.7099238E+00   -3.0000000E+01   -3.4283119E+00   -7.4163954E+00   -8.4861650E+00   -7.3054346E+00   -1.0630777E+01   -1.1058855E+01   -1.8931620E+01   -2.7163754E+01   -8.5020189E+00   -7.9090986E+00   -1.0176643E+01   -1.2519215E+01   -7.8024123E+00   -1.1622900E+01   -7.5265409E+00
    9.9000000E-01    5.9755280E+00   -5.9660548E+00   -3.9999999E+00   -4.2869011E+00   -4.4813808E+00   -4.4665810E+00   -7.9916579E+00   -4.0344467E+00   -2.9391526E+00   -3.5368184E+00   -6.4486868E+00   -7.0728734E+00   -1.4839439E+01   -1.4000000E+01   -1.4000005E+01   -4.6678197E+00   -1.4000000E+01   -6.7102396E+00   -3.0000000E+01   -3.3972916E+00   -7.5123585E+00   -8.5390012E+00   -7.4217136E+00   -1.0626228E+01   -1.1100268E+01   -1.8950732E+01   -2.7229654E+01   -8.4800348E+00   -7.8552672E+00   -1.0141913E+01   -1.2531274E+01   -7.7888245E+00   -1.1510199E+01   -7.4358255E+00
    1.1700000E+00    5.9926689E+00   -5.9828300E+00   -3.9999999E+00   -4.2356869E+00   -4.4298579E+00   -4.3854570E+00   -8.1019941E+00   -3.9854184E+00   -2.9283785E+00   -3.5512435E+00   -6.4486891E+00   -7.0899674E+00   -1.4887552E+01   -1.4000000E+01   -1.4000004E+01   -4.6176340E+00   -1.4000000E+01   -6.6974481E+00   -3.0000000E+01   -3.3689832E+00   -7.5913248E+00   -8.5836857E+00   -7.5166569E+00   -1.0627315E+01   -1.1132988E+01   -1.8970917E+01   -2.7282243E+01   -8.4625012E+00   -7.8086539E+00   -1.0115476E+01   -1.2537240E+01   -7.7791342E+00   -1.1413926E+01   -7.3570864E+00
    1.3500000E+00    6.0057937E+00   -5.9956102E+00   -3.9999999E+00   -4.1911711E+00   -4.3843044E+00   -4.3185295E+00   -8.1911483E+00   -3.9440842E+00   -2.9157703E+00   -3.5662217E+00   -6.4486914E+00   -7.1046600E+00   -1.4923832E+01   -1.4000000E+01   -1.4000004E+01   -4.5732328E+00   -1.4000000E+01   -6.6827059E+00   -3.0000000E+01   -3.3428786E+00   -7.6569723E+00   -8.6230837E+00   -7.5943302E+00   -1.0629953E+01   -1.1157787E+01   -1.8988528E+01   -2.7322743E+01   -8.4490057E+00   -7.7683257E+00   -1.0092748E+01   -1.2537401E+01   -7.7691601E+00   -1.1330549E+01   -7.2872059E+00
    1.5300000E+00    6.0152011E+00   -6.0046900E+00   -3.9999999E+00   -4.1516354E+00   -4.3430450E+00   -4.2625686E+00   -8.2620376E+00   -3.9084129E+00   -2.9012385E+00   -3.5817945E+00   -6.4486936E+00   -7.1147320E+00   -1.4949124E+01   -1.4000000E+01   -1.4000004E+01   -4.5329456E+00   -1.4000000E+01   -6.6672331E+00   -3.0000000E+01   -3.3185851E+00   -7.7116547E+00   -8.6589513E+00   -7.6573727E+00   -1.0631636E+01   -1.1175232E+01   -1.9001381E+01   -2.7352051E+01   -8.4392447E+00   -7.7335774E+00   -1.0070843E+01   -1.2531951E+01   -7.7563082E+00   -1.1257663E+01   -7.2240821E+00
    1.7100000E+00    6.0211178E+00   -6.0102927E+00   -3.9999999E+00   -4.1158918E+00   -4.3050738E+00   -4.2150540E+00   -8.3166912E+00   -3.8770174E+00   -2.8847030E+00   -3.5980080E+00   -6.4486959E+00   -7.1190106E+00   -1.4964073E+01   -1.4000000E+01   -1.4000004E+01   -4.4957752E+00   -1.4000000E+01   -6.6511274E+00   -3.0000000E+01   -3.2957924E+00   -7.7569741E+00   -8.6924373E+00   -7.7076030E+00   -1.0630975E+01   -1.1185758E+01   -1.9008330E+01   -2.7370852E+01   -8.4329884E+00   -7.7038622E+00   -1.0048068E+01   -1.2521027E+01   -7.7391084E+00   -1.1193548E+01   -7.1662235E+00
    1.8900000E+00    6.0237337E+00   -6.0126055E+00   -3.9999999E+00   -4.0830679E+00   -4.2697207E+00   -4.1740950E+00   -8.3562993E+00   -3.8488176E+00   -2.8660958E+00   -3.6149143E+00   -6.4486981E+00   -7.1170448E+00   -1.4969221E+01   -1.4000000E+01   -1.4000004E+01   -4.4610411E+00   -1.4000000E+01   -6.6312988E+00   -3.0000000E+01   -3.2742399E+00   -7.7937622E+00   -8.7239937E+00   -7.7460344E+00   -1.0627337E+01   -1.1189729E+01   -1.9008946E+01   -2.7379720E+01   -8.4300438E+00   -7.6787212E+00   -1.0023533E+01   -1.2504745E+01   -7.7168605E+00   -1.1136882E+01   -7.1125028E+00
    2.0700000E+00    6.0252530E+00   -6.0137814E+00   -3.9999999E+00   -4.0369066E+00   -4.2308255E+00   -4.1775236E+00   -8.2951002E+00   -3.8057366E+00   -2.8453682E+00   -3.6325694E+00   -6.4487010E+00   -7.1193858E+00   -1.4971050E+01   -1.4000000E+01   -1.4000004E+01   -4.4044667E+00   -1.4000000E+01   -4.9121215E+00   -3.0000000E+01   -3.2516186E+00   -7.7322571E+00   -8.6594498E+00   -7.6849441E+00   -1.0629230E+01   -1.1191667E+01   -1.9014219E+01   -2.7385768E+01   -8.4281512E+00   -7.6534761E+00   -1.0003549E+01   -1.2485536E+01   -7.6980219E+00   -1.1066950E+01   -7.0444649E+00
    2.2500000E+00    6.0261393E+00   -6.0143380E+00   -3.9999999E+00   -3.9952830E+00   -4.1951599E+00   -4.1813476E+00   -8.3394819E+00   -3.7678006E+00   -2.8252273E+00   -3.6504337E+00   -6.4487038E+00   -7.1149183E+00   -1.4970765E+01   -1.4000000E+01   -1.4000004E+01   -4.3546833E+00   -1.4000000E+01   -4.8410550E+00   -3.0000000E+01   -3.2302313E+00   -7.7774886E+00   -8.7029088E+00   -7.7299995E+00   -1.0624906E+01   -1.1192056E+01   -1.9012571E+01   -2.7389535E+01   -8.4269057E+00   -7.6301401E+00   -9.9785542E+00   -1.2465956E+01   -7.6735527E+00   -1.1003409E+01   -6.9821705E+00
    2.4300000E+00    6.0268179E+00   -6.0146992E+00   -3.9999999E+00   -3.9573779E+00   -4.1622239E+00   -4.1855456E+00   -8.3791321E+00   -3.7339830E+00   -2.8059559E+00   -3.6684201E+00   -6.4487066E+00   -7.1061397E+00   -1.4969955E+01   -1.4000000E+01   -1.4000004E+01   -4.3102369E+00   -1.4000000E+01   -4.8162690E+00   -3.0000000E+01   -3.2099335E+00   -7.8183067E+00   -8.7423697E+00   -7.7704711E+00   -1.0616441E+01   -1.1192067E+01   -1.9006513E+01   -2.7392631E+01   -8.4258803E+00   -7.6081386E+00   -9.9504834E+00   -1.2447039E+01   -7.6458128E+00   -1.0944872E+01   -6.9246594E+00
    2.6100000E+00    6.0273716E+00   -6.0149465E+00   -3.9999999E+00   -3.9225796E+00   -4.1316269E+00   -4.1901030E+00   -8.4147851E+00   -3.7035600E+00   -2.7875298E+00   -3.6864964E+00   -6.4487094E+00   -7.0946561E+00   -1.4968864E+01   -1.4000000E+01   -1.4000004E+01   -4.2700970E+00   -1.4000000E+01   -4.7972834E+00   -3.0000000E+01   -3.1906172E+00   -7.8552890E+00   -8.7782446E+00   -7.8070156E+00   -1.0605363E+01   -1.1191867E+01   -1.8997660E+01   -2.7395311E+01   -8.4249911E+00   -7.5872772E+00   -9.9207579E+00   -1.2428847E+01   -7.6163045E+00   -1.0890536E+01   -6.8712139E+00
    2.7900000E+00    6.0278350E+00   -6.0151136E+00   -3.9999999E+00   -3.8904170E+00   -4.1030570E+00   -4.1950063E+00   -8.4470997E+00   -3.6759821E+00   -2.7698917E+00   -3.7046358E+00   -6.4487123E+00   -7.0814746E+00   -1.4967588E+01   -1.4000000E+01   -1.4000004E+01   -4.2335042E+00   -1.4000000E+01   -4.7790690E+00   -3.0000000E+01   -3.1721896E+00   -7.8890330E+00   -8.8110618E+00   -7.8402624E+00   -1.0592646E+01   -1.1191524E+01   -1.8987027E+01   -2.7397686E+01   -8.4242025E+00   -7.5674256E+00   -9.8902622E+00   -1.2411359E+01   -7.5859461E+00   -1.0839805E+01   -6.8212723E+00
    2.9700000E+00    6.0282325E+00   -6.0152241E+00   -3.9999999E+00   -3.8605200E+00   -4.0762612E+00   -4.2002437E+00   -8.4765820E+00   -3.6508225E+00   -2.7529872E+00   -3.7228093E+00   -6.4487151E+00   -7.0672292E+00   -1.4966195E+01   -1.4000000E+01   -1.4000004E+01   -4.1998831E+00   -1.4000000E+01   -4.7609488E+00   -3.0000000E+01   -3.1545708E+00   -7.9200024E+00   -8.8412362E+00   -7.8706970E+00   -1.0578903E+01   -1.1191083E+01   -1.8975255E+01   -2.7399832E+01   -8.4234893E+00   -7.5484770E+00   -9.8595303E+00   -1.2394545E+01   -7.5552949E+00   -1.0792204E+01   -6.7743861E+00
    3.1500000E+00    6.0285842E+00   -6.0152973E+00   -3.9999999E+00   -3.8325918E+00   -4.0510314E+00   -4.2058047E+00   -8.5036377E+00   -3.6277431E+00   -2.7367674E+00   -3.7409838E+00   -6.4487179E+00   -7.0523267E+00   -1.4964740E+01   -1.4000000E+01   -1.4000005E+01   -4.1687870E+00   -1.4000000E+01   -4.7428515E+00   -3.0000000E+01   -3.1376913E+00   -7.9485687E+00   -8.8690990E+00   -7.8987088E+00   -1.0564524E+01   -1.1190585E+01   -1.8962756E+01   -2.7401813E+01   -8.4228305E+00   -7.5303395E+00   -9.8288832E+00   -1.2378377E+01   -7.5246915E+00   -1.0747349E+01   -6.7301906E+00
    3.3300000E+00    6.0289075E+00   -6.0153500E+00   -3.9999999E+00   -3.8063914E+00   -4.0271943E+00   -4.2116804E+00   -8.5285998E+00   -3.6064721E+00   -2.7211897E+00   -3.7591218E+00   -6.4487208E+00   -7.0370369E+00   -1.4963270E+01   -1.4000000E+01   -1.4000005E+01   -4.1398627E+00   -1.4000000E+01   -4.7247969E+00   -3.0000000E+01   -3.1214905E+00   -7.9750352E+00   -8.8949190E+00   -7.9246165E+00   -1.0549761E+01   -1.1190060E+01   -1.8949806E+01   -2.7403683E+01   -8.4222084E+00   -7.5129334E+00   -9.7985157E+00   -1.2362830E+01   -7.4943474E+00   -1.0704921E+01   -6.6883855E+00
    3.5100000E+00    6.0292175E+00   -6.0153968E+00   -3.9999999E+00   -3.7817202E+00   -4.0046042E+00   -4.2178629E+00   -8.5517461E+00   -3.5867875E+00   -2.7062167E+00   -3.7771807E+00   -6.4487236E+00   -7.0215461E+00   -1.4961826E+01   -1.4000000E+01   -1.4000005E+01   -4.1128262E+00   -1.4000000E+01   -4.7068227E+00   -3.0000000E+01   -3.1059150E+00   -7.9996536E+00   -8.9189173E+00   -7.9486854E+00   -1.0534788E+01   -1.1189539E+01   -1.8936595E+01   -2.7405490E+01   -8.4216069E+00   -7.4961882E+00   -9.7685485E+00   -1.2347881E+01   -7.4643978E+00   -1.0664653E+01   -6.6487199E+00
    3.6900000E+00    6.0295283E+00   -6.0154511E+00   -3.9999999E+00   -3.7584129E+00   -3.9831375E+00   -4.2243455E+00   -8.5733120E+00   -3.5685059E+00   -2.6918157E+00   -3.7951127E+00   -6.4487264E+00   -7.0059903E+00   -1.4960445E+01   -1.4000000E+01   -1.4000005E+01   -4.0874455E+00   -1.4000000E+01   -4.6889735E+00   -3.0000000E+01   -3.0909179E+00   -8.0226358E+00   -8.9412780E+00   -7.9711397E+00   -1.0519729E+01   -1.1189046E+01   -1.8923263E+01   -2.7407278E+01   -8.4210118E+00   -7.4800418E+00   -9.7390591E+00   -1.2333512E+01   -7.4349338E+00   -1.0626319E+01   -6.6109825E+00
    3.8700000E+00    6.0298525E+00   -6.0155253E+00   -3.9999999E+00   -3.7363301E+00   -3.9626881E+00   -4.2311228E+00   -8.5935004E+00   -3.5514744E+00   -2.6779583E+00   -3.8128645E+00   -6.4487293E+00   -6.9904746E+00   -1.4959161E+01   -1.4000000E+01   -1.4000005E+01   -4.0635289E+00   -1.4000000E+01   -4.6712993E+00   -3.0000000E+01   -3.0764575E+00   -8.0441622E+00   -8.9621561E+00   -7.9921714E+00   -1.0504677E+01   -1.1188606E+01   -1.8909919E+01   -2.7409086E+01   -8.4204097E+00   -7.4644381E+00   -9.7101006E+00   -1.2319705E+01   -7.4060207E+00   -1.0589727E+01   -6.5749933E+00
    4.0500000E+00    6.0302024E+00   -6.0156313E+00   -3.9999999E+00   -3.7153536E+00   -3.9431648E+00   -4.2381899E+00   -8.6124884E+00   -3.5355639E+00   -2.6646202E+00   -3.8303766E+00   -6.4487321E+00   -6.9750857E+00   -1.4958009E+01   -1.4000000E+01   -1.4000005E+01   -4.0409165E+00   -1.4000000E+01   -4.6538559E+00   -3.0000000E+01   -3.0624967E+00   -8.0643889E+00   -8.9816828E+00   -8.0119474E+00   -1.0489707E+01   -1.1188241E+01   -1.8896653E+01   -2.7410952E+01   -8.4197881E+00   -7.4493269E+00   -9.6817121E+00   -1.2306449E+01   -7.3777095E+00   -1.0554709E+01   -6.5405976E+00
    4.2300000E+00    6.0305900E+00   -6.0157806E+00   -3.9999999E+00   -3.6953821E+00   -3.9244881E+00   -4.2455433E+00   -8.6304333E+00   -3.5206650E+00   -2.6517804E+00   -3.8475834E+00   -6.4487350E+00   -6.9598995E+00   -1.4957020E+01   -1.4000000E+01   -1.4000005E+01   -4.0194729E+00   -1.4000000E+01   -4.6367047E+00   -3.0000000E+01   -3.0490025E+00   -8.0834518E+00   -8.9999706E+00   -8.0306147E+00   -1.0474886E+01   -1.1187974E+01   -1.8883543E+01   -2.7412913E+01   -8.4191347E+00   -7.4346619E+00   -9.6539263E+00   -1.2293735E+01   -7.3500444E+00   -1.0521119E+01   -6.5076619E+00
    4.4100000E+00    6.0310273E+00   -6.0159849E+00   -3.9999999E+00   -3.6763285E+00   -3.9065889E+00   -4.2531801E+00   -8.6474771E+00   -3.5066840E+00   -2.6394216E+00   -3.8644130E+00   -6.4487379E+00   -6.9449856E+00   -1.4956227E+01   -1.4000000E+01   -1.4000006E+01   -3.9990833E+00   -1.4000000E+01   -4.6199129E+00   -3.0000000E+01   -3.0359451E+00   -8.1014715E+00   -9.0171157E+00   -8.0483049E+00   -1.0460271E+01   -1.1187828E+01   -1.8870661E+01   -2.7415006E+01   -8.4184371E+00   -7.4204005E+00   -9.6267727E+00   -1.2281556E+01   -7.3230668E+00   -1.0488828E+01   -6.4760699E+00
    4.5900000E+00    6.0315265E+00   -6.0162563E+00   -3.9999999E+00   -3.6581172E+00   -3.8894062E+00   -4.2610978E+00   -8.6637499E+00   -3.4935402E+00   -2.6275298E+00   -3.8807873E+00   -6.4487407E+00   -6.9304109E+00   -1.4955666E+01   -1.4000000E+01   -1.4000006E+01   -3.9796490E+00   -1.4000000E+01   -4.6035537E+00   -3.0000000E+01   -3.0232979E+00   -8.1185558E+00   -9.0332015E+00   -8.0651373E+00   -1.0445917E+01   -1.1187826E+01   -1.8858077E+01   -2.7417269E+01   -8.4176827E+00   -7.4065029E+00   -9.6002807E+00   -1.2269910E+01   -7.2968179E+00   -1.0457723E+01   -6.4457199E+00
    4.7700000E+00    6.0321007E+00   -6.0166074E+00   -3.9999999E+00   -3.6406820E+00   -3.8728864E+00   -4.2692951E+00   -8.6793732E+00   -3.4811640E+00   -2.6160941E+00   -3.8966218E+00   -6.4487436E+00   -6.9162414E+00   -1.4955372E+01   -1.4000000E+01   -1.4000006E+01   -3.9610848E+00   -1.4000000E+01   -4.5877059E+00   -3.0000000E+01   -3.0110369E+00   -8.1348023E+00   -9.0482998E+00   -8.0812217E+00   -1.0431879E+01   -1.1187993E+01   -1.8845860E+01   -2.7419741E+01   -8.4168584E+00   -7.3929314E+00   -9.5744806E+00   -1.2258800E+01   -7.2713408E+00   -1.0427700E+01   -6.4165224E+00
    4.9500000E+00    6.0327635E+00   -6.0170517E+00   -3.9999999E+00   -3.6239654E+00   -3.8569818E+00   -4.2777709E+00   -8.6944627E+00   -3.4694947E+00   -2.6051069E+00   -3.9118267E+00   -6.4487465E+00   -6.9025440E+00   -1.4955384E+01   -1.4000000E+01   -1.4000006E+01   -3.9433167E+00   -1.4000000E+01   -4.5724540E+00   -3.0000000E+01   -2.9991405E+00   -8.1503011E+00   -9.0624729E+00   -8.0966610E+00   -1.0418211E+01   -1.1188356E+01   -1.8834076E+01   -2.7422464E+01   -8.4159502E+00   -7.3796499E+00   -9.5494050E+00   -1.2248231E+01   -7.2466815E+00   -1.0398667E+01   -6.3883985E+00
    5.1300000E+00    6.0335300E+00   -6.0176042E+00   -3.9999999E+00   -3.6079164E+00   -3.8416501E+00   -4.2865247E+00   -8.7091304E+00   -3.4584795E+00   -2.5945638E+00   -3.9263067E+00   -6.4487494E+00   -6.8893872E+00   -1.4955746E+01   -1.4000000E+01   -1.4000006E+01   -3.9262800E+00   -1.4000000E+01   -4.5578873E+00   -3.0000000E+01   -2.9875890E+00   -8.1651356E+00   -9.0757745E+00   -8.1115534E+00   -1.0404966E+01   -1.1188942E+01   -1.8822797E+01   -2.7425483E+01   -8.4149428E+00   -7.3666233E+00   -9.5250889E+00   -1.2238213E+01   -7.2228900E+00   -1.0370538E+01   -6.3612783E+00
    5.3100000E+00    6.0344165E+00   -6.0182809E+00   -3.9999999E+00   -3.5924905E+00   -3.8268536E+00   -4.2955563E+00   -8.7234870E+00   -3.4480723E+00   -2.5844637E+00   -3.9399629E+00   -6.4487523E+00   -6.8768423E+00   -1.4956505E+01   -1.4000000E+01   -1.4000006E+01   -3.9099179E+00   -1.4000000E+01   -4.5440993E+00   -3.0000000E+01   -2.9763648E+00   -8.1793853E+00   -9.0882511E+00   -8.1259939E+00   -1.0392201E+01   -1.1189785E+01   -1.8812096E+01   -2.7428849E+01   -8.4138197E+00   -7.3538168E+00   -9.5015705E+00   -1.2228761E+01   -7.2000205E+00   -1.0343235E+01   -6.3350996E+00
    5.4900000E+00    6.0354413E+00   -6.0190999E+00   -3.9999999E+00   -3.5776479E+00   -3.8125585E+00   -4.3048659E+00   -8.7376436E+00   -3.4382328E+00   -2.5748090E+00   -3.9526932E+00   -6.4487552E+00   -6.8649842E+00   -1.4957714E+01   -1.4000000E+01   -1.4000007E+01   -3.8941802E+00   -1.4000000E+01   -4.5311868E+00   -3.0000000E+01   -2.9654518E+00   -8.1931263E+00   -9.0999424E+00   -8.1400765E+00   -1.0379971E+01   -1.1190920E+01   -1.8802048E+01   -2.7432615E+01   -8.4125625E+00   -7.3411958E+00   -9.4788910E+00   -1.2219896E+01   -7.1781325E+00   -1.0316685E+01   -6.3098072E+00
    5.6700000E+00    6.0366248E+00   -6.0200815E+00   -3.9999999E+00   -3.5633537E+00   -3.7987344E+00   -4.3144541E+00   -8.7517142E+00   -3.4289256E+00   -2.5656056E+00   -3.9643945E+00   -6.4487581E+00   -6.8538915E+00   -1.4959433E+01   -1.4000000E+01   -1.4000007E+01   -3.8790228E+00   -1.4000000E+01   -4.5192485E+00   -3.0000000E+01   -2.9548356E+00   -8.2064328E+00   -9.1108819E+00   -8.1538953E+00   -1.0368336E+01   -1.1192387E+01   -1.8792733E+01   -2.7436844E+01   -8.4111507E+00   -7.3287249E+00   -9.4570951E+00   -1.2211644E+01   -7.1572908E+00   -1.0290817E+01   -6.2853519E+00
    5.8500000E+00    6.0379899E+00   -6.0212484E+00   -3.9999999E+00   -3.5495769E+00   -3.7853540E+00   -4.3243214E+00   -8.7658175E+00   -3.4201201E+00   -2.5568637E+00   -3.9749644E+00   -6.4487610E+00   -6.8436479E+00   -1.4961728E+01   -1.4000000E+01   -1.4000007E+01   -3.8644061E+00   -1.4000000E+01   -4.5083838E+00   -3.0000000E+01   -2.9445031E+00   -8.2193789E+00   -9.1210978E+00   -8.1675469E+00   -1.0357357E+01   -1.1194231E+01   -1.8784237E+01   -2.7441604E+01   -8.4095612E+00   -7.3163678E+00   -9.4362312E+00   -1.2204036E+01   -7.1375665E+00   -1.0265564E+01   -6.2616898E+00
    6.0300000E+00    6.0395625E+00   -6.0226265E+00   -3.9999999E+00   -3.5362899E+00   -3.7723929E+00   -4.3344684E+00   -8.7800788E+00   -3.4117895E+00   -2.5485973E+00   -3.9843032E+00   -6.4487639E+00   -6.8343427E+00   -1.4964677E+01   -1.4000000E+01   -1.4000007E+01   -3.8502953E+00   -1.4000000E+01   -4.4986902E+00   -3.0000000E+01   -2.9344426E+00   -8.2320390E+00   -9.1306128E+00   -8.1811313E+00   -1.0347098E+01   -1.1196503E+01   -1.8776648E+01   -2.7446973E+01   -8.4077680E+00   -7.3040865E+00   -9.4163514E+00   -1.2197114E+01   -7.1190376E+00   -1.0240862E+01   -6.2387820E+00
    6.2100000E+00    6.0413719E+00   -6.0242450E+00   -3.9999999E+00   -3.5234686E+00   -3.7598290E+00   -4.3448957E+00   -8.7946331E+00   -3.4039105E+00   -2.5408256E+00   -3.9923169E+00   -6.4487669E+00   -6.8260715E+00   -1.4968367E+01   -1.4000000E+01   -1.4000007E+01   -3.8366590E+00   -1.4000000E+01   -4.4902622E+00   -3.0000000E+01   -2.9246434E+00   -8.2444897E+00   -9.1394446E+00   -8.1947543E+00   -1.0337626E+01   -1.1199261E+01   -1.8770065E+01   -2.7453040E+01   -8.4057416E+00   -7.2918406E+00   -9.3975117E+00   -1.2190925E+01   -7.1017894E+00   -1.0216646E+01   -6.2165938E+00
    6.3900000E+00    6.0434519E+00   -6.0261375E+00   -3.9999999E+00   -3.5110915E+00   -3.7476425E+00   -4.3556037E+00   -8.8096265E+00   -3.3964635E+00   -2.5335727E+00   -3.9989190E+00   -6.4487698E+00   -6.8189373E+00   -1.4972897E+01   -1.4000000E+01   -1.4000007E+01   -3.8234694E+00   -1.4000000E+01   -4.4831884E+00   -3.0000000E+01   -2.9150962E+00   -8.2568110E+00   -9.1476060E+00   -8.2085292E+00   -1.0329009E+01   -1.1202573E+01   -1.8764589E+01   -2.7459906E+01   -8.4034483E+00   -7.2795870E+00   -9.3797726E+00   -1.2185527E+01   -7.0859160E+00   -1.0192853E+01   -6.1950946E+00
    6.5700000E+00    6.0458408E+00   -6.0283423E+00   -3.9999999E+00   -3.4991401E+00   -3.7358156E+00   -4.3665924E+00   -8.8252201E+00   -3.3894317E+00   -2.5268687E+00   -4.0040338E+00   -6.4487727E+00   -6.8130519E+00   -1.4978382E+01   -1.4000000E+01   -1.4000007E+01   -3.8107017E+00   -1.4000000E+01   -4.4775491E+00   -3.0000000E+01   -2.9057925E+00   -8.2690877E+00   -9.1551048E+00   -8.2225789E+00   -1.0321321E+01   -1.1206514E+01   -1.8760335E+01   -2.7467685E+01   -8.4008497E+00   -7.2672786E+00   -9.3631996E+00   -1.2180988E+01   -7.0715211E+00   -1.0169416E+01   -6.1742575E+00
    6.7500000E+00    6.0485828E+00   -6.0309035E+00   -3.9999999E+00   -3.4875979E+00   -3.7243323E+00   -4.3778613E+00   -8.8415927E+00   -3.3828013E+00   -2.5207505E+00   -4.0075983E+00   -6.4487756E+00   -6.8085376E+00   -1.4984954E+01   -1.4000000E+01   -1.4000007E+01   -3.7983335E+00   -1.4000000E+01   -4.4734144E+00   -3.0000000E+01   -2.8967251E+00   -8.2814107E+00   -9.1619439E+00   -8.2370385E+00   -1.0314642E+01   -1.1211173E+01   -1.8757424E+01   -2.7476510E+01   -8.3979015E+00   -7.2548639E+00   -9.3478635E+00   -1.2177388E+01   -7.0587196E+00   -1.0146268E+01   -6.1540589E+00
    6.9300000E+00    6.0517286E+00   -6.0338719E+00   -3.9999999E+00   -3.4764512E+00   -3.7131783E+00   -4.3894090E+00   -8.8589452E+00   -3.3765614E+00   -2.5152626E+00   -4.0095645E+00   -6.4487786E+00   -6.8055286E+00   -1.4992765E+01   -1.4000000E+01   -1.4000007E+01   -3.7863453E+00   -1.4000000E+01   -4.4708417E+00   -3.0000000E+01   -2.8878876E+00   -8.2938796E+00   -9.1681212E+00   -8.2520582E+00   -1.0309053E+01   -1.1216651E+01   -1.8755990E+01   -2.7486534E+01   -8.3945529E+00   -7.2422855E+00   -9.3338417E+00   -1.2174824E+01   -7.0476399E+00   -1.0123338E+01   -6.1344787E+00
    7.1100000E+00    6.0553371E+00   -6.0373062E+00   -3.9999999E+00   -3.4656880E+00   -3.7023410E+00   -4.4012333E+00   -8.8775049E+00   -3.3707038E+00   -2.5104585E+00   -4.0099015E+00   -6.4487815E+00   -6.8041742E+00   -1.5001990E+01   -1.4000000E+01   -1.4000007E+01   -3.7747194E+00   -1.4000000E+01   -4.4698732E+00   -3.0000000E+01   -2.8792747E+00   -8.3066042E+00   -9.1736288E+00   -8.2678065E+00   -1.0304647E+01   -1.1223065E+01   -1.8756184E+01   -2.7497932E+01   -8.3907452E+00   -7.2294794E+00   -9.3212195E+00   -1.2173406E+01   -7.0384258E+00   -1.0100551E+01   -6.1154997E+00
    7.2900000E+00    6.0594765E+00   -6.0412747E+00   -3.9999999E+00   -3.4552988E+00   -3.6918095E+00   -4.4133305E+00   -8.8975312E+00   -3.3652230E+00   -2.5064021E+00   -4.0085960E+00   -6.4487844E+00   -6.8046418E+00   -1.5012835E+01   -1.4000000E+01   -1.4000007E+01   -3.7634404E+00   -1.4000000E+01   -4.4705352E+00   -3.0000000E+01   -2.8708820E+00   -8.3197076E+00   -9.1784534E+00   -8.2844749E+00   -1.0301521E+01   -1.1230552E+01   -1.8758172E+01   -2.7510911E+01   -8.3864099E+00   -7.2163727E+00   -9.3100915E+00   -1.2173268E+01   -7.0312404E+00   -1.0077823E+01   -6.0971081E+00
    7.4700000E+00    6.0642267E+00   -6.0458572E+00   -3.9999999E+00   -3.4452759E+00   -3.6815739E+00   -4.4256955E+00   -8.9193232E+00   -3.3601162E+00   -2.5031698E+00   -4.0056536E+00   -6.4487873E+00   -6.8071209E+00   -1.5025538E+01   -1.4000000E+01   -1.4000007E+01   -3.7524948E+00   -1.4000000E+01   -4.4728361E+00   -3.0000000E+01   -2.8627062E+00   -8.3333294E+00   -9.1825749E+00   -8.3022827E+00   -1.0299787E+01   -1.1239271E+01   -1.8762144E+01   -2.7525708E+01   -8.3814674E+00   -7.2028826E+00   -9.3005642E+00   -1.2174565E+01   -7.0262698E+00   -1.0055064E+01   -6.0792927E+00
    7.6500000E+00    6.0696811E+00   -6.0511472E+00   -3.9999999E+00   -3.4356138E+00   -3.6716262E+00   -4.4383208E+00   -8.9432281E+00   -3.3553835E+00   -2.5008528E+00   -4.0010978E+00   -6.4487902E+00   -6.8118289E+00   -1.5040381E+01   -1.4000000E+01   -1.4000007E+01   -3.7418711E+00   -1.4000000E+01   -4.4767660E+00   -3.0000000E+01   -2.8547448E+00   -8.3476296E+00   -9.1859662E+00   -8.3214835E+00   -1.0299566E+01   -1.1249409E+01   -1.8768318E+01   -2.7542604E+01   -8.3758241E+00   -7.1889131E+00   -9.2927587E+00   -1.2177483E+01   -7.0237289E+00   -1.0032172E+01   -6.0620454E+00
    7.8300000E+00    6.0759502E+00   -6.0572552E+00   -3.9999999E+00   -3.4263088E+00   -3.6619596E+00   -4.4511965E+00   -8.9696531E+00   -3.3510278E+00   -2.4995600E+00   -3.9949701E+00   -6.4487930E+00   -6.8190180E+00   -1.5057695E+01   -1.4000000E+01   -1.4000007E+01   -3.7315593E+00   -1.4000000E+01   -4.4822972E+00   -3.0000000E+01   -2.8469967E+00   -8.3627939E+00   -9.1885924E+00   -8.3423738E+00   -1.0301002E+01   -1.1261188E+01   -1.8776945E+01   -2.7561931E+01   -8.3693697E+00   -7.1743527E+00   -9.2868155E+00   -1.2182240E+01   -7.0238685E+00   -1.0009033E+01   -6.0453614E+00
    8.0100000E+00    6.0831654E+00   -6.0643127E+00   -3.9999999E+00   -3.4173594E+00   -3.6525691E+00   -4.4642983E+00   -8.9990774E+00   -3.3470581E+00   -2.4994227E+00   -3.9873277E+00   -6.4487959E+00   -6.8289851E+00   -1.5077874E+01   -1.4000000E+01   -1.4000007E+01   -3.7215521E+00   -1.4000000E+01   -4.4894674E+00   -3.0000000E+01   -2.8394615E+00   -8.3790384E+00   -9.1904064E+00   -8.3653012E+00   -1.0304259E+01   -1.1274871E+01   -1.8788320E+01   -2.7584082E+01   -8.3619729E+00   -7.1590701E+00   -9.2828994E+00   -1.2189099E+01   -7.0269849E+00   -9.9855123E+00   -6.0292388E+00
    8.1900000E+00    6.0914861E+00   -6.0724813E+00   -3.9999999E+00   -3.4087896E+00   -3.6437696E+00   -4.4662379E+00   -9.0297809E+00   -3.3464415E+00   -2.5005996E+00   -3.9782373E+00   -6.4487987E+00   -6.8420153E+00   -1.5101419E+01   -1.4000000E+01   -1.4000007E+01   -3.7124383E+00   -1.4000000E+01   -5.0467692E+00   -3.0000000E+01   -2.8321411E+00   -8.3943076E+00   -9.1890341E+00   -8.3883768E+00   -1.0309457E+01   -1.1290788E+01   -1.8802711E+01   -2.7609530E+01   -8.3534766E+00   -7.1429145E+00   -9.2811260E+00   -1.2198382E+01   -7.0333558E+00   -9.9614745E+00   -6.0136983E+00
    8.3700000E+00    6.0999465E+00   -6.0807927E+00   -3.9999999E+00   -3.4005508E+00   -3.6352165E+00   -4.4682509E+00   -9.0606500E+00   -3.3461073E+00   -2.5021176E+00   -3.9688633E+00   -6.4488015E+00   -6.8579020E+00   -1.5125417E+01   -1.4000000E+01   -1.4000006E+01   -3.7035708E+00   -1.4000000E+01   -5.5634943E+00   -3.0000000E+01   -2.8250259E+00   -8.4094369E+00   -9.1872427E+00   -8.4114628E+00   -1.0317361E+01   -1.1307003E+01   -1.8819931E+01   -2.7635391E+01   -8.3448443E+00   -7.1268352E+00   -9.2822574E+00   -1.2208156E+01   -7.0427747E+00   -9.9378298E+00   -5.9986868E+00
    8.5500000E+00    6.1082918E+00   -6.0889922E+00   -3.9999999E+00   -3.3926219E+00   -3.6269001E+00   -4.4703114E+00   -9.0907647E+00   -3.3460360E+00   -2.5037115E+00   -3.9595181E+00   -6.4488042E+00   -6.8762221E+00   -1.5149106E+01   -1.4000000E+01   -1.4000006E+01   -3.6949357E+00   -1.4000000E+01   -5.9640882E+00   -3.0000000E+01   -2.8181050E+00   -8.4240172E+00   -9.1851325E+00   -8.4338947E+00   -1.0327803E+01   -1.1323009E+01   -1.8839557E+01   -2.7660905E+01   -8.3363306E+00   -7.1110755E+00   -9.2861150E+00   -1.2217901E+01   -7.0548081E+00   -9.9148009E+00   -5.9841727E+00
    8.7300000E+00    6.1164609E+00   -6.0970185E+00   -3.9999999E+00   -3.3849824E+00   -3.6188085E+00   -4.4724048E+00   -9.1199221E+00   -3.3462080E+00   -2.5053098E+00   -3.9502789E+00   -6.4488069E+00   -6.8965489E+00   -1.5172301E+01   -1.4000000E+01   -1.4000006E+01   -3.6865213E+00   -1.4000000E+01   -6.1847759E+00   -3.0000000E+01   -2.8113680E+00   -8.4379687E+00   -9.1827457E+00   -8.4555314E+00   -1.0340420E+01   -1.1338684E+01   -1.8861164E+01   -2.7685888E+01   -8.3279962E+00   -7.0956853E+00   -9.2923234E+00   -1.2227486E+01   -7.0690194E+00   -9.8924182E+00   -5.9701254E+00
    8.9100000E+00    6.1244443E+00   -6.1048620E+00   -3.9999999E+00   -3.3776135E+00   -3.6109301E+00   -4.4745215E+00   -9.1481087E+00   -3.3466051E+00   -2.5068933E+00   -3.9411623E+00   -6.4488097E+00   -6.9184842E+00   -1.5194973E+01   -1.4000000E+01   -1.4000005E+01   -3.6783169E+00   -1.4000000E+01   -6.2710801E+00   -3.0000000E+01   -2.8048050E+00   -8.4512980E+00   -9.1801081E+00   -8.4763694E+00   -1.0354821E+01   -1.1354006E+01   -1.8884355E+01   -2.7710312E+01   -8.3198506E+00   -7.0806642E+00   -9.3004848E+00   -1.2236880E+01   -7.0850012E+00   -9.8706629E+00   -5.9565165E+00
    9.0900000E+00    6.1322457E+00   -6.1125261E+00   -3.9999999E+00   -3.3704982E+00   -3.6032544E+00   -4.4766545E+00   -9.1753576E+00   -3.3472106E+00   -2.5084567E+00   -3.9321695E+00   -6.4488123E+00   -6.9416649E+00   -1.5217128E+01   -1.4000000E+01   -1.4000005E+01   -3.6703122E+00   -1.4000000E+01   -6.3022588E+00   -3.0000000E+01   -2.7984070E+00   -8.4640322E+00   -9.1772397E+00   -8.4964390E+00   -1.0370641E+01   -1.1368982E+01   -1.8908768E+01   -2.7734186E+01   -8.3118902E+00   -7.0659989E+00   -9.3102243E+00   -1.2246081E+01   -7.1023819E+00   -9.8495051E+00   -5.9433202E+00
    9.2700000E+00    6.1398712E+00   -6.1200171E+00   -3.9999999E+00   -3.3636206E+00   -3.5957720E+00   -4.4787983E+00   -9.2017108E+00   -3.3480090E+00   -2.5099981E+00   -3.9232977E+00   -6.4488150E+00   -6.9657634E+00   -1.5238784E+01   -1.4000000E+01   -1.4000005E+01   -3.6624971E+00   -1.4000000E+01   -6.3169568E+00   -3.0000000E+01   -2.7921656E+00   -8.4762017E+00   -9.1741581E+00   -8.5157765E+00   -1.0387547E+01   -1.1383623E+01   -1.8934076E+01   -2.7757529E+01   -8.3041083E+00   -7.0516745E+00   -9.3212002E+00   -1.2255091E+01   -7.1208261E+00   -9.8289148E+00   -5.9305126E+00
    9.4500000E+00    6.1473274E+00   -6.1273411E+00   -3.9999999E+00   -3.3569664E+00   -3.5884748E+00   -4.4809483E+00   -9.2272094E+00   -3.3489863E+00   -2.5115164E+00   -3.9145435E+00   -6.4488177E+00   -6.9904880E+00   -1.5259958E+01   -1.4000000E+01   -1.4000005E+01   -3.6548612E+00   -1.4000000E+01   -6.3272321E+00   -3.0000000E+01   -2.7860732E+00   -8.4878355E+00   -9.1708795E+00   -8.5344170E+00   -1.0405241E+01   -1.1397939E+01   -1.8959990E+01   -2.7780360E+01   -8.2964986E+00   -7.0376764E+00   -9.3331073E+00   -1.2263916E+01   -7.1400348E+00   -9.8088634E+00   -5.9180719E+00
    9.6300000E+00    6.1546201E+00   -6.1345041E+00   -3.9999999E+00   -3.3505225E+00   -3.5813568E+00   -4.4831003E+00   -9.2518913E+00   -3.3501296E+00   -2.5130103E+00   -3.9059033E+00   -6.4488203E+00   -7.0155828E+00   -1.5280666E+01   -1.4000000E+01   -1.4000004E+01   -3.6473935E+00   -1.4000000E+01   -6.3363097E+00   -3.0000000E+01   -2.7801224E+00   -8.4989605E+00   -9.1674190E+00   -8.5523930E+00   -1.0423461E+01   -1.1411941E+01   -1.8986253E+01   -2.7802695E+01   -8.2890549E+00   -7.0239911E+00   -9.3456771E+00   -1.2272558E+01   -7.1597454E+00   -9.7893248E+00   -5.9059780E+00
    9.8100000E+00    6.1617547E+00   -6.1415112E+00   -3.9999999E+00   -3.3442767E+00   -3.5744135E+00   -4.4852508E+00   -9.2757909E+00   -3.3514268E+00   -2.5144785E+00   -3.8973735E+00   -6.4488230E+00   -7.0408275E+00   -1.5300922E+01   -1.4000000E+01   -1.4000004E+01   -3.6400820E+00   -1.4000000E+01   -6.3450083E+00   -3.0000000E+01   -2.7743067E+00   -8.5096015E+00   -9.1637909E+00   -8.5697341E+00   -1.0441981E+01   -1.1425638E+01   -1.9012646E+01   -2.7824550E+01   -8.2817719E+00   -7.0106065E+00   -9.3586777E+00   -1.2281020E+01   -7.1797313E+00   -9.7702751E+00   -5.8942122E+00
    9.9900000E+00    6.1687356E+00   -6.1483668E+00   -3.9999999E+00   -3.3382179E+00   -3.5676430E+00   -4.4873966E+00   -9.2989391E+00   -3.3528670E+00   -2.5159195E+00   -3.8889509E+00   -6.4488256E+00   -7.0660367E+00   -1.5320738E+01   -1.4000000E+01   -1.4000004E+01   -3.6329132E+00   -1.4000000E+01   -6.3535325E+00   -3.0000000E+01   -2.7686198E+00   -8.5197809E+00   -9.1600085E+00   -8.5864672E+00   -1.0460614E+01   -1.1439039E+01   -1.9038985E+01   -2.7845938E+01   -8.2746449E+00   -6.9975115E+00   -9.3719139E+00   -1.2289305E+01   -7.1998013E+00   -9.7516925E+00   -5.8827575E+00
    1.0170000E+01    6.1755667E+00   -6.1550747E+00   -3.9999999E+00   -3.3323358E+00   -3.5610451E+00   -4.4895348E+00   -9.3213634E+00   -3.3544399E+00   -2.5173315E+00   -3.8806323E+00   -6.4488282E+00   -7.0910592E+00   -1.5340124E+01   -1.4000000E+01   -1.4000004E+01   -3.6258722E+00   -1.4000000E+01   -6.3619345E+00   -3.0000000E+01   -2.7630560E+00   -8.5295194E+00   -9.1560848E+00   -8.6026164E+00   -1.0479202E+01   -1.1452150E+01   -1.9065119E+01   -2.7866871E+01   -8.2676700E+00   -6.9846961E+00   -9.3852248E+00   -1.2297414E+01   -7.2197987E+00   -9.7335571E+00   -5.8715979E+00
    1.0350000E+01    6.1822511E+00   -6.1616380E+00   -3.9999999E+00   -3.3266207E+00   -3.5546221E+00   -4.4916629E+00   -9.3430881E+00   -3.3561360E+00   -2.5187122E+00   -3.8724146E+00   -6.4488308E+00   -7.1157750E+00   -1.5359088E+01   -1.4000000E+01   -1.4000003E+01   -3.6189425E+00   -1.4000000E+01   -6.3702289E+00   -3.0000000E+01   -2.7576098E+00   -8.5388355E+00   -9.1520320E+00   -8.6182030E+00   -1.0497624E+01   -1.1464976E+01   -1.9090930E+01   -2.7887357E+01   -8.2608441E+00   -6.9721516E+00   -9.3984827E+00   -1.2305348E+01   -7.2395985E+00   -9.7158508E+00   -5.8607185E+00
    1.0530000E+01    6.1887913E+00   -6.1680590E+00   -3.9999999E+00   -3.3210638E+00   -3.5483775E+00   -4.4937786E+00   -9.3641341E+00   -3.3579464E+00   -2.5200590E+00   -3.8642949E+00   -6.4488334E+00   -7.1400931E+00   -1.5377637E+01   -1.4000000E+01   -1.4000003E+01   -3.6121071E+00   -1.4000000E+01   -6.3784217E+00   -3.0000000E+01   -2.7522761E+00   -8.5477460E+00   -9.1478621E+00   -8.6332461E+00   -1.0515787E+01   -1.1477523E+01   -1.9116326E+01   -2.7907404E+01   -8.2541645E+00   -6.9598701E+00   -9.4115892E+00   -1.2313106E+01   -7.2591050E+00   -9.6985574E+00   -5.8501056E+00
    1.0710000E+01    6.1951890E+00   -6.1743394E+00   -3.9999999E+00   -3.3156569E+00   -3.5423157E+00   -4.4958800E+00   -9.3845192E+00   -3.3598628E+00   -2.5213689E+00   -3.8562705E+00   -6.4488359E+00   -7.1639476E+00   -1.5395776E+01   -1.4000000E+01   -1.4000003E+01   -3.6053487E+00   -1.4000000E+01   -6.3865162E+00   -3.0000000E+01   -2.7470501E+00   -8.5562656E+00   -9.1435864E+00   -8.6477620E+00   -1.0533622E+01   -1.1489792E+01   -1.9141242E+01   -2.7927017E+01   -8.2476294E+00   -6.9478449E+00   -9.4244724E+00   -1.2320686E+01   -7.2782477E+00   -9.6816621E+00   -5.8397463E+00
    1.0890000E+01    6.2014452E+00   -6.1804800E+00   -3.9999999E+00   -3.3103923E+00   -3.5364410E+00   -4.4979652E+00   -9.4042576E+00   -3.3618773E+00   -2.5226386E+00   -3.8483385E+00   -6.4488385E+00   -7.1872938E+00   -1.5413505E+01   -1.4000000E+01   -1.4000003E+01   -3.5986509E+00   -1.4000000E+01   -6.3945156E+00   -3.0000000E+01   -2.7419274E+00   -8.5644074E+00   -9.1392158E+00   -8.6617643E+00   -1.0551085E+01   -1.1501785E+01   -1.9165634E+01   -2.7946198E+01   -8.2412379E+00   -6.9360703E+00   -9.4370825E+00   -1.2328085E+01   -7.2969776E+00   -9.6651519E+00   -5.8296285E+00
    1.1070000E+01    6.2075600E+00   -6.1864810E+00   -3.9999999E+00   -3.3052626E+00   -3.5307566E+00   -4.5000330E+00   -9.4233602E+00   -3.3639825E+00   -2.5238640E+00   -3.8404966E+00   -6.4488411E+00   -7.2101040E+00   -1.5430826E+01   -1.4000000E+01   -1.4000003E+01   -3.5919994E+00   -1.4000000E+01   -6.4024224E+00   -3.0000000E+01   -2.7369036E+00   -8.5721822E+00   -9.1347609E+00   -8.6752639E+00   -1.0568149E+01   -1.1513503E+01   -1.9189475E+01   -2.7964950E+01   -8.2349896E+00   -6.9245417E+00   -9.4493875E+00   -1.2335300E+01   -7.3152632E+00   -9.6490151E+00   -5.8197408E+00
    1.1250000E+01    6.2135329E+00   -6.1923418E+00   -3.9999999E+00   -3.3002612E+00   -3.5252638E+00   -4.5020821E+00   -9.4418340E+00   -3.3661716E+00   -2.5250405E+00   -3.8327422E+00   -6.4488436E+00   -7.2323636E+00   -1.5447735E+01   -1.4000000E+01   -1.4000002E+01   -3.5853827E+00   -1.4000000E+01   -6.4102394E+00   -3.0000000E+01   -2.7319747E+00   -8.5795988E+00   -9.1302317E+00   -8.6882688E+00   -1.0584798E+01   -1.1524943E+01   -1.9212752E+01   -2.7983270E+01   -8.2288851E+00   -6.9132553E+00   -9.4613699E+00   -1.2342326E+01   -7.3330860E+00   -9.6332415E+00   -5.8100726E+00
    1.1430000E+01    6.2193624E+00   -6.1980607E+00   -3.9999999E+00   -3.2953816E+00   -3.5199612E+00   -4.5041117E+00   -9.4596823E+00   -3.3684377E+00   -2.5261629E+00   -3.8250730E+00   -6.4488462E+00   -7.2540674E+00   -1.5464228E+01   -1.4000000E+01   -1.4000002E+01   -3.5787934E+00   -1.4000000E+01   -6.4179689E+00   -3.0000000E+01   -2.7271369E+00   -8.5866639E+00   -9.1256379E+00   -8.7007841E+00   -1.0601029E+01   -1.1536103E+01   -1.9235458E+01   -2.8001153E+01   -8.2229258E+00   -6.9022087E+00   -9.4730224E+00   -1.2349155E+01   -7.3504372E+00   -9.6178225E+00   -5.8006139E+00
    1.1610000E+01    6.2250460E+00   -6.2036354E+00   -3.9999999E+00   -3.2906180E+00   -3.5148441E+00   -4.5061210E+00   -9.4769041E+00   -3.3707745E+00   -2.5272251E+00   -3.8174867E+00   -6.4488487E+00   -7.2752162E+00   -1.5480297E+01   -1.4000000E+01   -1.4000002E+01   -3.5722279E+00   -1.4000000E+01   -6.4256133E+00   -3.0000000E+01   -2.7223865E+00   -8.5933820E+00   -9.1209887E+00   -8.7128115E+00   -1.0616847E+01   -1.1546977E+01   -1.9257596E+01   -2.8018593E+01   -8.2171141E+00   -6.8914004E+00   -9.4843450E+00   -1.2355780E+01   -7.3673144E+00   -9.6027510E+00   -5.7913550E+00
    1.1790000E+01    6.2305803E+00   -6.2090622E+00   -3.9999999E+00   -3.2859645E+00   -3.5099045E+00   -4.5081094E+00   -9.4934942E+00   -3.3731759E+00   -2.5282203E+00   -3.8099812E+00   -6.4488512E+00   -7.2958142E+00   -1.5495930E+01   -1.4000000E+01   -1.4000000E+01   -3.5656875E+00   -1.4000000E+01   -6.4331749E+00   -3.0000000E+01   -2.7177201E+00   -8.5997551E+00   -9.1162932E+00   -8.7243494E+00   -1.0632259E+01   -1.1557559E+01   -1.9279169E+01   -2.8035577E+01   -8.2114533E+00   -6.8808303E+00   -9.4953419E+00   -1.2362189E+01   -7.3837182E+00   -9.5880214E+00   -5.7822870E+00
    1.1970000E+01    6.2359607E+00   -6.2143366E+00   -3.9999999E+00   -3.2814158E+00   -3.5051308E+00   -4.5100765E+00   -9.5094426E+00   -3.3756359E+00   -2.5291406E+00   -3.8025543E+00   -6.4488537E+00   -7.3158665E+00   -1.5511115E+01   -1.4000000E+01   -1.3997902E+01   -3.5591774E+00   -1.4000000E+01   -6.4406558E+00   -3.0000000E+01   -2.7131342E+00   -8.6057828E+00   -9.1115601E+00   -8.7353929E+00   -1.0647274E+01   -1.1567838E+01   -1.9298087E+01   -2.8049999E+01   -8.2059480E+00   -6.8704993E+00   -9.5060199E+00   -1.2368370E+01   -7.3996510E+00   -9.5736294E+00   -5.7734012E+00
    1.2150000E+01    6.2411815E+00   -6.2194527E+00   -3.9999999E+00   -3.2769669E+00   -3.5005089E+00   -4.5120213E+00   -9.5247347E+00   -3.3781487E+00   -2.5299771E+00   -3.7952040E+00   -6.4488563E+00   -7.3353776E+00   -1.5525832E+01   -1.4000000E+01   -1.3237067E+01   -3.5527063E+00   -1.4000000E+01   -6.4480582E+00   -3.0000000E+01   -2.7086257E+00   -8.6114625E+00   -9.1067983E+00   -8.7459331E+00   -1.0661903E+01   -1.1577804E+01   -1.8557716E+01   -2.7305200E+01   -8.2006039E+00   -6.8604098E+00   -9.5163864E+00   -1.2374309E+01   -7.4151139E+00   -9.5595726E+00   -5.7646894E+00
    1.2330000E+01    6.2462337E+00   -6.2244016E+00   -3.9999999E+00   -3.2726163E+00   -3.4960235E+00   -4.5139376E+00   -9.5393465E+00   -3.3807074E+00   -2.5307196E+00   -3.7879285E+00   -6.4488588E+00   -7.3542895E+00   -1.5540056E+01   -1.4000000E+01   -1.0324138E+01   -3.5462876E+00   -1.4000000E+01   -6.4553835E+00   -3.0000000E+01   -2.7041933E+00   -8.6167880E+00   -9.1020195E+00   -8.7559551E+00   -1.0676097E+01   -1.1587438E+01   -1.5664639E+01   -2.4407796E+01   -8.1954299E+00   -6.8505695E+00   -9.5263910E+00   -1.2379986E+01   -7.4300480E+00   -9.5458574E+00   -5.7561490E+00
    1.2510000E+01    6.2493562E+00   -6.2274603E+00   -3.9999999E+00   -3.2718444E+00   -3.4929389E+00   -4.5105065E+00   -9.8028933E+00   -3.3820916E+00   -2.5313588E+00   -3.7806872E+00   -6.4488603E+00   -7.2798482E+00   -1.5548274E+01   -1.4000000E+01   -7.3273975E+00   -3.5417145E+00   -1.4000000E+01   -6.4598915E+00   -3.0000000E+01   -2.7016341E+00   -8.8745955E+00   -9.3535819E+00   -9.0166652E+00   -1.0598740E+01   -1.1592819E+01   -1.2594039E+01   -2.1420078E+01   -8.1922320E+00   -6.8446677E+00   -9.4466249E+00   -1.2383102E+01   -7.3533286E+00   -9.5394779E+00   -5.7529680E+00
    1.2690000E+01    6.2524523E+00   -6.2304930E+00   -3.9999999E+00   -3.2710789E+00   -3.4899047E+00   -4.5071021E+00   -9.8133595E+00   -3.3834783E+00   -2.5319967E+00   -3.7737766E+00   -6.4488618E+00   -7.2464285E+00   -1.5556775E+01   -1.4000000E+01   -7.0231186E+00   -3.5371817E+00   -1.4000000E+01   -6.4663657E+00   -3.0000000E+01   -2.6991006E+00   -8.8793713E+00   -9.3521655E+00   -9.0243186E+00   -1.0562430E+01   -1.1598507E+01   -1.2256917E+01   -2.1125098E+01   -8.1890612E+00   -6.8388199E+00   -9.4079300E+00   -1.2386549E+01   -7.3176544E+00   -9.5331566E+00   -5.7498181E+00
    1.2870000E+01    6.2555196E+00   -6.2334975E+00   -3.9999999E+00   -3.2703199E+00   -3.4869162E+00   -4.5037288E+00   -9.8232965E+00   -3.3848709E+00   -2.5326304E+00   -3.7672199E+00   -6.4488632E+00   -7.2329017E+00   -1.5565277E+01   -1.4000000E+01   -6.8437424E+00   -3.5326929E+00   -1.4000000E+01   -6.4729249E+00   -3.0000000E+01   -2.6965922E+00   -8.8836713E+00   -9.3503309E+00   -9.0314692E+00   -1.0546040E+01   -1.1604222E+01   -1.2064587E+01   -2.0955016E+01   -8.1859196E+00   -6.8330274E+00   -9.3891790E+00   -1.2390046E+01   -7.3018959E+00   -9.5268949E+00   -5.7466985E+00
    1.3050000E+01    6.2585592E+00   -6.2364748E+00   -3.9999999E+00   -3.2695672E+00   -3.4839687E+00   -4.5003845E+00   -9.8331185E+00   -3.3862692E+00   -2.5332598E+00   -3.7610032E+00   -6.4488647E+00   -7.2299108E+00   -1.5573750E+01   -1.4000000E+01   -6.7155905E+00   -3.5282512E+00   -1.4000000E+01   -6.4792212E+00   -3.0000000E+01   -2.6941078E+00   -8.8879079E+00   -9.3484883E+00   -9.0385303E+00   -1.0540211E+01   -1.1609935E+01   -1.1934013E+01   -2.0836123E+01   -8.1828063E+00   -6.8272883E+00   -9.3810131E+00   -1.2393561E+01   -7.2966954E+00   -9.5206907E+00   -5.7436081E+00
    1.3230000E+01    6.2615717E+00   -6.2394254E+00   -3.9999999E+00   -3.2688206E+00   -3.4810577E+00   -4.4970672E+00   -9.8428286E+00   -3.3876729E+00   -2.5338847E+00   -3.7551140E+00   -6.4488662E+00   -7.2326832E+00   -1.5582177E+01   -1.4000000E+01   -6.6155589E+00   -3.5238598E+00   -1.4000000E+01   -6.4851994E+00   -3.0000000E+01   -2.6916465E+00   -8.8920831E+00   -9.3466385E+00   -9.0455044E+00   -1.0540172E+01   -1.1615626E+01   -1.1837318E+01   -2.0745299E+01   -8.1797206E+00   -6.8216009E+00   -9.3786581E+00   -1.2397077E+01   -7.2972792E+00   -9.5145424E+00   -5.7405460E+00
    1.3410000E+01    6.2645575E+00   -6.2423498E+00   -3.9999999E+00   -3.2680802E+00   -3.4781787E+00   -4.4937743E+00   -9.8524285E+00   -3.3890819E+00   -2.5345050E+00   -3.7495403E+00   -6.4488677E+00   -7.2386066E+00   -1.5590547E+01   -1.4000000E+01   -6.5333528E+00   -3.5195215E+00   -1.4000000E+01   -6.4908591E+00   -3.0000000E+01   -2.6892076E+00   -8.8961978E+00   -9.3447815E+00   -9.0523928E+00   -1.0543309E+01   -1.1621284E+01   -1.1761596E+01   -2.0672237E+01   -8.1766621E+00   -6.8159641E+00   -9.3795009E+00   -1.2400580E+01   -7.3010346E+00   -9.5084488E+00   -5.7375115E+00
    1.3590000E+01    6.2675169E+00   -6.2452482E+00   -3.9999999E+00   -3.2673457E+00   -3.4753277E+00   -4.4905029E+00   -9.8619194E+00   -3.3904961E+00   -2.5351202E+00   -3.7442712E+00   -6.4488692E+00   -7.2462031E+00   -1.5598852E+01   -1.4000000E+01   -6.4634793E+00   -3.5152391E+00   -1.4000000E+01   -6.4962095E+00   -3.0000000E+01   -2.6867908E+00   -8.9002529E+00   -9.3429178E+00   -9.0591966E+00   -1.0548144E+01   -1.1626902E+01   -1.1699876E+01   -2.0611438E+01   -8.1736306E+00   -6.8103772E+00   -9.3820628E+00   -1.2404063E+01   -7.3064832E+00   -9.5024092E+00   -5.7345039E+00
    1.3770000E+01    6.2704499E+00   -6.2481207E+00   -3.9999999E+00   -3.2666172E+00   -3.4725008E+00   -4.4872496E+00   -9.8713022E+00   -3.3919153E+00   -2.5357301E+00   -3.7392962E+00   -6.4488707E+00   -7.2546269E+00   -1.5607088E+01   -1.4000000E+01   -6.4026582E+00   -3.5110150E+00   -1.4000000E+01   -6.5012610E+00   -3.0000000E+01   -2.6843954E+00   -8.9042491E+00   -9.3410480E+00   -9.0659167E+00   -1.0553831E+01   -1.1632476E+01   -1.1648032E+01   -2.0559617E+01   -8.1706258E+00   -6.8048396E+00   -9.3854975E+00   -1.2407521E+01   -7.3127786E+00   -9.4964228E+00   -5.7315228E+00
    1.3950000E+01    6.2733566E+00   -6.2509673E+00   -3.9999999E+00   -3.2658944E+00   -3.4696945E+00   -4.4840107E+00   -9.8805776E+00   -3.3933393E+00   -2.5363342E+00   -3.7346056E+00   -6.4488722E+00   -7.2633944E+00   -1.5615253E+01   -1.4000000E+01   -6.3487732E+00   -3.5068511E+00   -1.4000000E+01   -6.5060236E+00   -3.0000000E+01   -2.6820211E+00   -8.9081872E+00   -9.3391728E+00   -9.0725536E+00   -1.0559887E+01   -1.1638002E+01   -1.1603463E+01   -2.0514655E+01   -8.1676479E+00   -6.7993508E+00   -9.3893210E+00   -1.2410951E+01   -7.3194371E+00   -9.4904891E+00   -5.7285676E+00
    1.4130000E+01    6.2762368E+00   -6.2537879E+00   -3.9999999E+00   -3.2651773E+00   -3.4669059E+00   -4.4807816E+00   -9.8897461E+00   -3.3947680E+00   -2.5369321E+00   -3.7301902E+00   -6.4488737E+00   -7.2722325E+00   -1.5623345E+01   -1.4000000E+01   -6.3003785E+00   -3.5027492E+00   -1.4000000E+01   -6.5105070E+00   -3.0000000E+01   -2.6796674E+00   -8.9120679E+00   -9.3372930E+00   -9.0791081E+00   -1.0566039E+01   -1.1643480E+01   -1.1564452E+01   -2.0475105E+01   -8.1646969E+00   -6.7939104E+00   -9.3932599E+00   -1.2414351E+01   -7.3261849E+00   -9.4846077E+00   -5.7256377E+00
    1.4310000E+01    6.2790905E+00   -6.2565823E+00   -3.9999999E+00   -3.2644658E+00   -3.4641322E+00   -4.4775571E+00   -9.8988080E+00   -3.3962012E+00   -2.5375232E+00   -3.7260412E+00   -6.4488752E+00   -7.2809894E+00   -1.5631362E+01   -1.4000000E+01   -6.2564424E+00   -3.4987104E+00   -1.4000000E+01   -6.5147203E+00   -3.0000000E+01   -2.6773341E+00   -8.9158919E+00   -9.3354097E+00   -9.0855806E+00   -1.0572135E+01   -1.1648907E+01   -1.1529815E+01   -2.0439934E+01   -8.1617730E+00   -6.7885183E+00   -9.3971624E+00   -1.2417719E+01   -7.3328702E+00   -9.4787784E+00   -5.7227329E+00
    1.4490000E+01    6.2819172E+00   -6.2593502E+00   -3.9999999E+00   -3.2637599E+00   -3.4613714E+00   -4.4743311E+00   -9.9077635E+00   -3.3976387E+00   -2.5381068E+00   -3.7221501E+00   -6.4488767E+00   -7.2895837E+00   -1.5639303E+01   -1.4000000E+01   -6.2162027E+00   -3.4947357E+00   -1.4000000E+01   -6.5186722E+00   -3.0000000E+01   -2.6750206E+00   -8.9196599E+00   -9.3335242E+00   -9.0919717E+00   -1.0578093E+01   -1.1654284E+01   -1.1498708E+01   -2.0408378E+01   -8.1588764E+00   -6.7831744E+00   -9.4009468E+00   -1.2421055E+01   -7.3394110E+00   -9.4730009E+00   -5.7198525E+00
    1.4670000E+01    6.2847167E+00   -6.2620912E+00   -3.9999999E+00   -3.2630593E+00   -3.4586215E+00   -4.4710964E+00   -9.9166126E+00   -3.3990805E+00   -2.5386823E+00   -3.7185089E+00   -6.4488782E+00   -7.2979735E+00   -1.5647166E+01   -1.4000000E+01   -6.1790801E+00   -3.4908255E+00   -1.4000000E+01   -6.5223710E+00   -3.0000000E+01   -2.6727266E+00   -8.9233729E+00   -9.3316382E+00   -9.0982817E+00   -1.0583874E+01   -1.1659608E+01   -1.1470510E+01   -2.0379856E+01   -8.1560075E+00   -6.7778786E+00   -9.4045712E+00   -1.2424355E+01   -7.3457650E+00   -9.4672752E+00   -5.7169962E+00
    1.4850000E+01    6.2874884E+00   -6.2648049E+00   -3.9999999E+00   -3.2623641E+00   -3.4558814E+00   -4.4678447E+00   -9.9253552E+00   -3.4005264E+00   -2.5392488E+00   -3.7151099E+00   -6.4488797E+00   -7.3061390E+00   -1.5654950E+01   -1.4000000E+01   -6.1446240E+00   -3.4869798E+00   -1.4000000E+01   -6.5258247E+00   -3.0000000E+01   -2.6704519E+00   -8.9270316E+00   -9.3297535E+00   -9.1045111E+00   -1.0589456E+01   -1.1664879E+01   -1.1444751E+01   -2.0353917E+01   -8.1531669E+00   -6.7726310E+00   -9.4080162E+00   -1.2427620E+01   -7.3519122E+00   -9.4616014E+00   -5.7141636E+00
    1.5030000E+01    6.2902318E+00   -6.2674906E+00   -3.9999999E+00   -3.2616740E+00   -3.4531501E+00   -4.4645666E+00   -9.9339910E+00   -3.4019762E+00   -2.5398052E+00   -3.7119456E+00   -6.4488812E+00   -7.3140726E+00   -1.5662653E+01   -1.4000000E+01   -6.1124767E+00   -3.4831986E+00   -1.4000000E+01   -6.5290409E+00   -3.0000000E+01   -2.6681960E+00   -8.9306372E+00   -9.3278724E+00   -9.1106602E+00   -1.0594834E+01   -1.1670095E+01   -1.1421065E+01   -2.0330201E+01   -8.1503550E+00   -6.7674320E+00   -9.4112744E+00   -1.2430848E+01   -7.3578447E+00   -9.4559795E+00   -5.7113541E+00
    1.5210000E+01    6.2929460E+00   -6.2701476E+00   -3.9999999E+00   -3.2609892E+00   -3.4504270E+00   -4.4612509E+00   -9.9425195E+00   -3.4034298E+00   -2.5403507E+00   -3.7090089E+00   -6.4488827E+00   -7.3217727E+00   -1.5670272E+01   -1.4000000E+01   -6.0823497E+00   -3.4794813E+00   -1.4000000E+01   -6.5320272E+00   -3.0000000E+01   -2.6659586E+00   -8.9341906E+00   -9.3259973E+00   -9.1167293E+00   -1.0600006E+01   -1.1675255E+01   -1.1399163E+01   -2.0308416E+01   -8.1475727E+00   -6.7622819E+00   -9.4143447E+00   -1.2434036E+01   -7.3635606E+00   -9.4504100E+00   -5.7085674E+00
    1.5390000E+01    6.2956302E+00   -6.2727749E+00   -3.9999999E+00   -3.2603093E+00   -3.4477119E+00   -4.4578849E+00   -9.9509400E+00   -3.4048870E+00   -2.5408838E+00   -3.7062927E+00   -6.4488842E+00   -7.3292413E+00   -1.5677805E+01   -1.4000000E+01   -6.0540065E+00   -3.4758273E+00   -1.4000000E+01   -6.5347905E+00   -3.0000000E+01   -2.6637395E+00   -8.9376930E+00   -9.3241314E+00   -9.1227187E+00   -1.0604975E+01   -1.1680357E+01   -1.1378810E+01   -2.0288324E+01   -8.1448209E+00   -6.7571813E+00   -9.4172295E+00   -1.2437182E+01   -7.3690615E+00   -9.4448933E+00   -5.7058030E+00
    1.5570000E+01    6.2982832E+00   -6.2753715E+00   -3.9999999E+00   -3.2596344E+00   -3.4450047E+00   -4.4544544E+00   -9.9592515E+00   -3.4063476E+00   -2.5414033E+00   -3.7037904E+00   -6.4488857E+00   -7.3364812E+00   -1.5685248E+01   -1.4000000E+01   -6.0272512E+00   -3.4722357E+00   -1.4000000E+01   -6.5373377E+00   -3.0000000E+01   -2.6615381E+00   -8.9411455E+00   -9.3222779E+00   -9.1286283E+00   -1.0609746E+01   -1.1685398E+01   -1.1359812E+01   -2.0269726E+01   -8.1421006E+00   -6.7521309E+00   -9.4199327E+00   -1.2440284E+01   -7.3743499E+00   -9.4394301E+00   -5.7030606E+00
    1.5750000E+01    6.3009039E+00   -6.2779360E+00   -3.9999999E+00   -3.2589643E+00   -3.4423056E+00   -4.4509427E+00   -9.9674526E+00   -3.4078117E+00   -2.5419074E+00   -3.7014957E+00   -6.4488873E+00   -7.3434959E+00   -1.5692598E+01   -1.4000000E+01   -6.0019192E+00   -3.4687060E+00   -1.4000000E+01   -6.5396753E+00   -3.0000000E+01   -2.6593543E+00   -8.9445496E+00   -9.3204407E+00   -9.1344583E+00   -1.0614322E+01   -1.1690377E+01   -1.1342009E+01   -2.0252452E+01   -8.1394132E+00   -6.7471318E+00   -9.4224584E+00   -1.2443339E+01   -7.3794290E+00   -9.4340213E+00   -5.7003398E+00
    1.5930000E+01    6.3034905E+00   -6.2804670E+00   -3.9999999E+00   -3.2582989E+00   -3.4396145E+00   -4.4473314E+00   -9.9755417E+00   -3.4092789E+00   -2.5423944E+00   -3.6994025E+00   -6.4488888E+00   -7.3502883E+00   -1.5699849E+01   -1.4000000E+01   -5.9778712E+00   -3.4652374E+00   -1.4000000E+01   -6.5418096E+00   -3.0000000E+01   -2.6571878E+00   -8.9479064E+00   -9.3186241E+00   -9.1402083E+00   -1.0618709E+01   -1.1695289E+01   -1.1325265E+01   -2.0236360E+01   -8.1367602E+00   -6.7421851E+00   -9.4248110E+00   -1.2446344E+01   -7.3843014E+00   -9.4286680E+00   -5.6976400E+00
    1.6110000E+01    6.3060415E+00   -6.2829627E+00   -3.9999999E+00   -3.2576382E+00   -3.4369316E+00   -4.4435997E+00   -9.9835164E+00   -3.4107491E+00   -2.5428622E+00   -3.6975049E+00   -6.4488903E+00   -7.3568610E+00   -1.5706998E+01   -1.4000000E+01   -5.9549880E+00   -3.4618297E+00   -1.4000000E+01   -6.5437466E+00   -3.0000000E+01   -2.6550381E+00   -8.9512173E+00   -9.3168332E+00   -9.1458780E+00   -1.0622911E+01   -1.1700132E+01   -1.1309462E+01   -2.0221324E+01   -8.1341433E+00   -6.7372923E+00   -9.4269945E+00   -1.2449295E+01   -7.3889694E+00   -9.4233715E+00   -5.6949609E+00
    1.6290000E+01    6.3085547E+00   -6.2854209E+00   -3.9999999E+00   -3.2569820E+00   -3.4342565E+00   -4.4397243E+00   -9.9913740E+00   -3.4122222E+00   -2.5433083E+00   -3.6957977E+00   -6.4488918E+00   -7.3632155E+00   -1.5714036E+01   -1.4000000E+01   -5.9331668E+00   -3.4584831E+00   -1.4000000E+01   -6.5454917E+00   -3.0000000E+01   -2.6529051E+00   -8.9544837E+00   -9.3150731E+00   -9.1514665E+00   -1.0626931E+01   -1.1704902E+01   -1.1294500E+01   -2.0207236E+01   -8.1315646E+00   -6.7324551E+00   -9.4290122E+00   -1.2452186E+01   -7.3934342E+00   -9.4181335E+00   -5.6923021E+00
    1.6470000E+01    6.3110277E+00   -6.2878393E+00   -3.9999999E+00   -3.2563302E+00   -3.4315884E+00   -4.4356794E+00   -9.9991109E+00   -3.4136980E+00   -2.5437302E+00   -3.6942757E+00   -6.4488934E+00   -7.3693526E+00   -1.5720958E+01   -1.4000000E+01   -5.9123186E+00   -3.4551985E+00   -1.4000000E+01   -6.5470501E+00   -3.0000000E+01   -2.6507883E+00   -8.9577066E+00   -9.3133500E+00   -9.1569728E+00   -1.0630773E+01   -1.1709593E+01   -1.1280290E+01   -2.0194000E+01   -8.1290265E+00   -6.7276756E+00   -9.4308669E+00   -1.2455014E+01   -7.3976963E+00   -9.4129560E+00   -5.6896632E+00
    1.6650000E+01    6.3134578E+00   -6.2902152E+00   -3.9999999E+00   -3.2556828E+00   -3.4289259E+00   -4.4314367E+00   -1.0006723E+01   -3.4151764E+00   -2.5441247E+00   -3.6929344E+00   -6.4488949E+00   -7.3752720E+00   -1.5727754E+01   -1.4000000E+01   -5.8923653E+00   -3.4519776E+00   -1.4000000E+01   -6.5484266E+00   -3.0000000E+01   -2.6486875E+00   -8.9608872E+00   -9.3116705E+00   -9.1623950E+00   -1.0634439E+01   -1.1714200E+01   -1.1266754E+01   -2.0181528E+01   -8.1265318E+00   -6.7229562E+00   -9.4325607E+00   -1.2457773E+01   -7.4017550E+00   -9.4078412E+00   -5.6870437E+00
    1.6830000E+01    6.3158418E+00   -6.2925454E+00   -3.9999999E+00   -3.2550395E+00   -3.4262666E+00   -4.4269652E+00   -1.0014204E+01   -3.4166572E+00   -2.5444883E+00   -3.6917697E+00   -6.4488964E+00   -7.3809721E+00   -1.5734416E+01   -1.4000000E+01   -5.8732384E+00   -3.4488231E+00   -1.4000000E+01   -6.5496255E+00   -3.0000000E+01   -2.6466024E+00   -8.9640263E+00   -9.3100416E+00   -9.1677308E+00   -1.0637930E+01   -1.1718717E+01   -1.1253822E+01   -2.0169744E+01   -8.1240835E+00   -6.7182998E+00   -9.4340949E+00   -1.2460455E+01   -7.4056085E+00   -9.4027920E+00   -5.6844432E+00
    1.7010000E+01    6.3181760E+00   -6.2948263E+00   -3.9999999E+00   -3.2544002E+00   -3.4236074E+00   -4.4222313E+00   -1.0021547E+01   -3.4181402E+00   -2.5448172E+00   -3.6907779E+00   -6.4488979E+00   -7.3864500E+00   -1.5740933E+01   -1.4000000E+01   -5.8548775E+00   -3.4457393E+00   -1.4000000E+01   -6.5506505E+00   -3.0000000E+01   -2.6445326E+00   -8.9671244E+00   -9.3084711E+00   -9.1729771E+00   -1.0641248E+01   -1.1723136E+01   -1.1241430E+01   -2.0158576E+01   -8.1216854E+00   -6.7137098E+00   -9.4354700E+00   -1.2463053E+01   -7.4092535E+00   -9.3978115E+00   -5.6818614E+00
    1.7190000E+01    6.3204564E+00   -6.2970536E+00   -3.9999999E+00   -3.2537650E+00   -3.4209437E+00   -4.4171988E+00   -1.0028745E+01   -3.4196252E+00   -2.5451067E+00   -3.6899559E+00   -6.4488995E+00   -7.3917014E+00   -1.5747291E+01   -1.4000000E+01   -5.8372287E+00   -3.4427316E+00   -1.4000000E+01   -6.5515049E+00   -3.0000000E+01   -2.6424779E+00   -8.9701814E+00   -9.3069674E+00   -9.1781297E+00   -1.0644392E+01   -1.1727449E+01   -1.1229521E+01   -2.0147957E+01   -8.1193417E+00   -6.7091900E+00   -9.4366856E+00   -1.2465559E+01   -7.4126855E+00   -9.3929035E+00   -5.6792976E+00
    1.7370000E+01    6.3226780E+00   -6.2992226E+00   -3.9999999E+00   -3.2531335E+00   -3.4182697E+00   -4.4118294E+00   -1.0035786E+01   -3.4211121E+00   -2.5453518E+00   -3.6893012E+00   -6.4489010E+00   -7.3967205E+00   -1.5753477E+01   -1.4000000E+01   -5.8202440E+00   -3.4398072E+00   -1.4000000E+01   -6.5521914E+00   -3.0000000E+01   -2.6404379E+00   -8.9731966E+00   -9.3055393E+00   -9.1831831E+00   -1.0647361E+01   -1.1731647E+01   -1.1218040E+01   -2.0137825E+01   -8.1170570E+00   -6.7047448E+00   -9.4377401E+00   -1.2467963E+01   -7.4158982E+00   -9.3880723E+00   -5.6767516E+00
    1.7550000E+01    6.3248356E+00   -6.3013278E+00   -3.9999999E+00   -3.2525058E+00   -3.4155783E+00   -4.4060826E+00   -1.0042659E+01   -3.4226005E+00   -2.5455468E+00   -3.6888118E+00   -6.4489026E+00   -7.4014996E+00   -1.5759475E+01   -1.4000000E+01   -5.8038806E+00   -3.4369747E+00   -1.4000000E+01   -6.5527121E+00   -3.0000000E+01   -2.6384123E+00   -8.9761686E+00   -9.3041962E+00   -9.1881304E+00   -1.0650153E+01   -1.1735719E+01   -1.1206937E+01   -2.0128121E+01   -8.1148370E+00   -6.7003795E+00   -9.4386311E+00   -1.2470253E+01   -7.4188837E+00   -9.3833229E+00   -5.6742228E+00
    1.7730000E+01    6.3269227E+00   -6.3033630E+00   -3.9999999E+00   -3.2518816E+00   -3.4128611E+00   -4.3999162E+00   -1.0049349E+01   -3.4240904E+00   -2.5456851E+00   -3.6884865E+00   -6.4489041E+00   -7.4060291E+00   -1.5765265E+01   -1.4000000E+01   -5.7880997E+00   -3.4342447E+00   -1.4000000E+01   -6.5530684E+00   -3.0000000E+01   -2.6364008E+00   -8.9790948E+00   -9.3029481E+00   -9.1929628E+00   -1.0652765E+01   -1.1739652E+01   -1.1196164E+01   -2.0118787E+01   -8.1126877E+00   -6.6960999E+00   -9.4393550E+00   -1.2472416E+01   -7.4216321E+00   -9.3786611E+00   -5.6717107E+00
    1.7910000E+01    6.3289305E+00   -6.3053194E+00   -3.9999999E+00   -3.2512614E+00   -3.4101111E+00   -4.3932946E+00   -1.0055830E+01   -3.4255799E+00   -2.5457592E+00   -3.6883246E+00   -6.4489056E+00   -7.4102937E+00   -1.5770822E+01   -1.4000000E+01   -5.7728816E+00   -3.4316315E+00   -1.4000000E+01   -6.5532611E+00   -3.0000000E+01   -2.6344050E+00   -8.9819683E+00   -9.3018060E+00   -9.1976647E+00   -1.0655190E+01   -1.1743429E+01   -1.1185685E+01   -2.0109777E+01   -8.1106183E+00   -6.6919168E+00   -9.4399066E+00   -1.2474437E+01   -7.4241294E+00   -9.3740979E+00   -5.6692174E+00
