# Time series at grid cell:   1   1   1
  Time(yrs)                  Na+                    K+                     Al+++                  Mg++                   SiO2(aq)               Ca++                   Fe++                   SO4--                  pH                     CO2(aq)                O2(aq)                
  1.00000E-09                2.88997913130872E-05   7.24994874063522E-05   3.48284962983146E-09   6.81011786426723E-06   4.31999915439587E-05   1.21002243567006E-05   8.78999472028276E-07   5.27999800129056E-09   5.96999119915118E+00   1.38423846400227E-03   3.43462959749320E-04
  2.00000E-09                2.88997856036116E-05   7.24994731366874E-05   3.48570042279966E-09   6.81011483935464E-06   4.31999830879199E-05   1.21002189550791E-05   8.78998944058067E-07   5.27999600258362E-09   5.96999031174056E+00   1.38423861991472E-03   3.43462936496509E-04
  3.00000E-09                2.88997798594640E-05   7.24994587580258E-05   3.48855005661563E-09   6.81011183943984E-06   4.31999746319127E-05   1.21002136014218E-05   8.78998416088510E-07   5.27999400387494E-09   5.96998968145246E+00   1.38423891219648E-03   3.43462913235350E-04
  4.00000E-09                2.88997740070686E-05   7.24994441000028E-05   3.49139968994159E-09   6.81010890563265E-06   4.31999661759135E-05   1.21002083744778E-05   8.78997888119840E-07   5.27999200516727E-09   5.96998920024225E+00   1.38423928643199E-03   3.43462889952207E-04
  5.00000E-09                2.88997680907766E-05   7.24994292770523E-05   3.49424932244954E-09   6.81010601086524E-06   4.31999577199217E-05   1.21002032223633E-05   8.78997360151947E-07   5.27999000646050E-09   5.96998880731542E+00   1.38423970919531E-03   3.43462866656137E-04
  7.00000E-09                2.88997561188579E-05   7.24993992757936E-05   3.49995206678413E-09   6.81010030691742E-06   4.31999408079505E-05   1.21001930820924E-05   8.78996304219409E-07   5.27998600905158E-09   5.96998816887484E+00   1.38424063657282E-03   3.43462820036124E-04
  1.10000E-08                2.88997321125756E-05   7.24993391053658E-05   3.51134593110757E-09   6.81008893824026E-06   4.31999069841558E-05   1.21001728767547E-05   8.78994192363107E-07   5.27997801424170E-09   5.96998705029601E+00   1.38424257677892E-03   3.43462726785052E-04
  1.90000E-08                2.88996840344392E-05   7.24992185946206E-05   3.53414287083543E-09   6.81006624183866E-06   4.31998393369253E-05   1.21001325445277E-05   8.78989968692556E-07   5.27996202467403E-09   5.96998491113414E+00   1.38424651109365E-03   3.43462540277954E-04
  3.50000E-08                2.88995878349164E-05   7.24989774641363E-05   3.57973645220259E-09   6.81002087513127E-06   4.31997040440388E-05   1.21000519300659E-05   8.78981521513997E-07   5.27993004573262E-09   5.96998066446768E+00   1.38425439661494E-03   3.43462167289622E-04
  6.70000E-08                2.88993954245813E-05   7.24984951751675E-05   3.67092250104098E-09   6.80993015221509E-06   4.31994334645285E-05   1.20998907209904E-05   8.78964627806837E-07   5.27986608862531E-09   5.96997217753824E+00   1.38427016783275E-03   3.43461421448203E-04
  1.31000E-07                2.88990106115775E-05   7.24975306164730E-05   3.85329148528687E-09   6.80974871452929E-06   4.31988923302937E-05   1.20995683175269E-05   8.78930842991678E-07   5.27973817751272E-09   5.96995520929181E+00   1.38430169921928E-03   3.43459930317066E-04
  2.59000E-07                2.88982410271286E-05   7.24956016029863E-05   4.21799825850595E-09   6.80938586632861E-06   4.31978101588504E-05   1.20989235589111E-05   8.78863283752971E-07   5.27948236769501E-09   5.96992129364894E+00   1.38436471678527E-03   3.43456950262093E-04
  5.15000E-07                2.88967020271087E-05   7.24917439980952E-05   4.94730737824301E-09   6.80866027691636E-06   4.31956461871465E-05   1.20976342316856E-05   8.78728206801753E-07   5.27897079768465E-09   5.96985354562980E+00   1.38449057124275E-03   3.43450998970233E-04
  1.02700E-06                2.88936246964746E-05   7.24840304616989E-05   6.40535479686337E-09   6.80720952904945E-06   4.31913195929435E-05   1.20950563430504E-05   8.78458218683484E-07   5.27794785612571E-09   5.96971838126979E+00   1.38474155904489E-03   3.43439131564702E-04
  2.05100E-06                2.88874727051276E-05   7.24686100633650E-05   9.31814280659319E-09   6.80430975295221E-06   4.31826707170159E-05   1.20899036215802E-05   8.77918903036998E-07   5.27590276654669E-09   5.96944936984409E+00   1.38524066283209E-03   3.43415536725786E-04
  4.09900E-06                2.88751793723931E-05   7.24377958921392E-05   1.51229569930193E-08   6.79851706081388E-06   4.31653821279990E-05   1.20796103688975E-05   8.76842894018380E-07   5.27181575908019E-09   5.96891654291488E+00   1.38622748394554E-03   3.43368901072010E-04
  8.19500E-06                2.88506349674522E-05   7.23762732158634E-05   2.65840717228125E-08   6.78695892169948E-06   4.31307783222070E-05   1.20590722773147E-05   8.74701208860257E-07   5.26365441123322E-09   5.96787109844633E+00   1.38815637143479E-03   3.43277799891116E-04
  1.63870E-05                2.88017125569527E-05   7.22536440066328E-05   4.84989908123742E-08   6.76395010023634E-06   4.30610293740702E-05   1.20181870364683E-05   8.70457987078657E-07   5.24738222692980E-09   5.96585675199005E+00   1.39184128375169E-03   3.43103924827665E-04
  3.27710E-05                2.87045151840604E-05   7.20100052128865E-05   8.62963885330892E-08   6.71835158974697E-06   4.29172824278614E-05   1.19371612864850E-05   8.62123595534991E-07   5.21503865601962E-09   5.96210504814444E+00   1.39856675333208E-03   3.42786873286681E-04
  6.55390E-05                2.85126095225879E-05   7.15289550848584E-05   1.37329769561216E-07   6.62876812322370E-06   4.26119433040463E-05   1.17779766507283E-05   8.46005888343384E-07   5.15114484473628E-09   5.95553993717117E+00   1.40978350254068E-03   3.42257634873790E-04
  1.31075E-04                2.81382078510370E-05   7.05903956350974E-05   1.86079722028658E-07   6.45569618327827E-06   4.19728621019585E-05   1.14704365029760E-05   8.15637593337589E-07   5.02645357742829E-09   5.94525981017273E+00   1.42544918864150E-03   3.41510787574156E-04
  2.62147E-04                2.74236853716962E-05   6.87990490750169E-05   2.25024098707160E-07   6.13168798982695E-06   4.07234487434210E-05   1.08946884013266E-05   7.60739111019350E-07   4.78886991671375E-09   5.93167099100512E+00   1.44045886790965E-03   3.40745405498586E-04
  5.24291E-04                2.61142594354984E-05   6.55157577228328E-05   2.63829963586125E-07   5.55947915396892E-06   3.84708931678941E-05   9.87790237522813E-06   6.68009977343505E-07   4.35663041360956E-09   5.91653962100954E+00   1.44340936500559E-03   3.40367583620324E-04
  1.04858E-03                2.38918663808828E-05   5.99419426201054E-05   3.19408120728203E-07   4.65235314837317E-06   3.48207977136791E-05   8.26600527798751E-06   5.29065320074330E-07   3.63538770741977E-09   5.89965869737093E+00   1.42609632773490E-03   3.40575173546726E-04
  2.09715E-03                2.06230791663970E-05   5.17406126390950E-05   4.16454374391759E-07   3.46468327851791E-06   2.98893593510120E-05   6.15564781661958E-06   3.59163572760829E-07   2.60288670769200E-09   5.87749360950687E+00   1.39454861599474E-03   3.41066275537280E-04
  4.19431E-03                1.68700596316799E-05   4.23184059142550E-05   5.70216251239912E-07   2.31628188944527E-06   2.49614554159133E-05   4.11512435102998E-06   2.05581201773274E-07   1.45169966678823E-09   5.85102447446642E+00   1.36234290207218E-03   3.41484803335106E-04
  7.57802E-03                1.41732426188596E-05   3.55398016402753E-05   7.14356590593790E-07   1.63279457640248E-06   2.20080476298092E-05   2.90069228387958E-06   1.19167117063208E-07   6.37062499714425E-10   5.83167173733535E+00   1.34120496334971E-03   3.41727271443041E-04
  1.31878E-02                1.27623748830845E-05   3.19786709812250E-05   7.97451273857745E-07   1.32193959166852E-06   2.07538966569607E-05   2.34834195888617E-06   8.34160026828829E-08   2.04286754249006E-10   5.82193788516201E+00   1.32946582636706E-03   3.41864445978675E-04
  2.14610E-02                1.22804146040325E-05   3.07370193438529E-05   8.23586165909337E-07   1.22188884788563E-06   2.04032213728006E-05   2.17050392153446E-06   7.36043112065287E-08   4.95676905536729E-11   5.81910358795349E+00   1.32410465998242E-03   3.41917027745866E-04
  3.04534E-02                1.21714343790658E-05   3.04277028244582E-05   8.28191369309369E-07   1.19830020756303E-06   2.03282537948330E-05   2.12850693431017E-06   7.17307405013417E-08   1.12968255120272E-11   5.81875111514880E+00   1.32197346569746E-03   3.41909518682510E-04
  4.04659E-02                1.21539031623917E-05   3.03435580601005E-05   8.28612708463206E-07   1.19273982050839E-06   2.03072126566038E-05   2.11853032984575E-06   7.13851481802228E-08   2.37501903234185E-12   5.81884981384834E+00   1.32099935632565E-03   3.41866462626741E-04
  5.32558E-02                1.21607473115310E-05   3.03096361979098E-05   8.28483517272527E-07   1.19144678488679E-06   2.02987118145216E-05   2.11610786800032E-06   7.13222655472629E-08   4.16725223064930E-13   5.81895660985388E+00   1.32054579477876E-03   3.41787393817889E-04
  7.10020E-02                1.21787460775844E-05   3.02845536575929E-05   8.28497653472917E-07   1.19138499992392E-06   2.02967351785886E-05   2.11582410407850E-06   7.13187716922753E-08   6.29952247813000E-14   5.81897042737293E+00   1.32047027963940E-03   3.41661552760071E-04
  9.51118E-02                1.22055597033265E-05   3.02576396764880E-05   8.28755857066601E-07   1.19186430571096E-06   2.03002667913876E-05   2.11643902127832E-06   7.13349189626786E-08   1.52678699222488E-14   5.81887799218398E+00   1.32071215194284E-03   3.41486240182149E-04
  1.26758E-01                1.22409749751796E-05   3.02249623412353E-05   8.29197873675616E-07   1.19270038763589E-06   2.03076921947075E-05   2.11761350253143E-06   7.13617044021466E-08   1.04089574093177E-14   5.81870800005405E+00   1.32117177591068E-03   3.41266458866810E-04
  1.68435E-01                1.22864820141401E-05   3.01826613880971E-05   8.29743508214007E-07   1.19385564355110E-06   2.03172906169618E-05   2.11925600427885E-06   7.13950648713180E-08   1.00245878051299E-14   5.81849461830036E+00   1.32175036520579E-03   3.41004503768714E-04
  2.25368E-01                1.23459563754349E-05   3.01246723952180E-05   8.30328274842785E-07   1.19540967041935E-06   2.03277297170958E-05   2.12145615202418E-06   7.14325637076350E-08   1.00011008917099E-14   5.81826481724917E+00   1.32237118667367E-03   3.40696860292360E-04
  3.13261E-01                1.24318205533956E-05   3.00352274359577E-05   8.30919414628542E-07   1.19779487700906E-06   2.03383266769822E-05   2.12482635789472E-06   7.14743824194061E-08   1.00000324695877E-14   5.81803232779923E+00   1.32299354190030E-03   3.40316407535617E-04
  4.88964E-01                1.25840950215560E-05   2.98625099214997E-05   8.31484441024988E-07   1.20297105888575E-06   2.03484396469685E-05   2.13228117269223E-06   7.15235689268166E-08   1.00000004866861E-14   5.81781048318544E+00   1.32357346386138E-03   3.39785862856039E-04
  7.69323E-01                1.27873836254926E-05   2.96049757657396E-05   8.31848169441205E-07   1.21254266732501E-06   2.03548104630317E-05   2.14648266137515E-06   7.15663537775705E-08   1.00000000046019E-14   5.81766857879651E+00   1.32389368194532E-03   3.39239274162876E-04
  1.33004E+00                1.30854366749463E-05   2.91621553613418E-05   8.32067693487134E-07   1.23735766742606E-06   2.03584845502353E-05   2.18482391871991E-06   7.16082604080136E-08   1.00000000000219E-14   5.81758355762515E+00   1.32401068503893E-03   3.38614091034288E-04
  2.33004E+00                1.34078605070463E-05   2.85062189784340E-05   8.32267462659663E-07   1.29375402480067E-06   2.03614477383928E-05   2.27417757467520E-06   7.16445366327186E-08   1.00000000000001E-14   5.81750701835066E+00   1.32398377426524E-03   3.38066946024622E-04
  3.33004E+00                1.35992961473792E-05   2.79053497094962E-05   8.32593141587651E-07   1.35807915482244E-06   2.03660592776648E-05   2.37676658764153E-06   7.16682508312304E-08   1.00000000000000E-14   5.81738308580391E+00   1.32390012144195E-03   3.37805330509564E-04
  4.33004E+00                1.37138414016945E-05   2.73417510243343E-05   8.32918495639075E-07   1.42989799644727E-06   2.03706835589608E-05   2.49167889225750E-06   7.16842366260883E-08   1.00000000000000E-14   5.81725845254955E+00   1.32381873694294E-03   3.37682997694058E-04
  5.33004E+00                1.37802661644250E-05   2.67939035200607E-05   8.33250118420425E-07   1.50796207947739E-06   2.03753742426645E-05   2.61661157718677E-06   7.16967468000603E-08   9.99999999999999E-15   5.81713222397574E+00   1.32374137395182E-03   3.37625706541378E-04
  6.33004E+00                1.38166149918701E-05   2.62486595026310E-05   8.33586451155092E-07   1.59140758141898E-06   2.03801138646460E-05   2.74996857960721E-06   7.17076650952228E-08   9.99999999999999E-15   5.81700497838379E+00   1.32366658596331E-03   3.37598800459919E-04
  7.33004E+00                1.38342528046405E-05   2.56981906990727E-05   8.33926280516648E-07   1.67961065784562E-06   2.03848879534887E-05   2.89059611001988E-06   7.17178327446322E-08   1.00000000000000E-14   5.81687715960274E+00   1.32359325238086E-03   3.37586494802068E-04
  8.33004E+00                1.38403253295569E-05   2.51380777585859E-05   8.34268884147049E-07   1.77209050808606E-06   2.03896886056817E-05   3.03760665767601E-06   7.17276352219543E-08   1.00000000000000E-14   5.81674902431651E+00   1.32352074054636E-03   3.37581459552592E-04
  9.33004E+00                1.38393054784147E-05   2.45661170939274E-05   8.34613833306603E-07   1.86844571668432E-06   2.03945118004568E-05   3.19026434087832E-06   7.17372561095700E-08   1.00000000000000E-14   5.81662071590818E+00   1.32344871348419E-03   3.37580159687905E-04
  1.03300E+01                1.38339781264084E-05   2.39815695978161E-05   8.34960850849543E-07   1.96831186320618E-06   2.03993554070186E-05   3.34790930788639E-06   7.17467859480678E-08   9.99999999999997E-15   5.81649231733011E+00   1.32337699112265E-03   3.37580823179777E-04
  1.13300E+01                1.38260692878672E-05   2.33846848476761E-05   8.35309732325992E-07   2.07133353092734E-06   2.04042181257928E-05   3.50990837514320E-06   7.17562703313628E-08   1.00000000000000E-14   5.81636387996063E+00   1.32330547527054E-03   3.37582533693085E-04
  1.23300E+01                1.38166467500886E-05   2.27763972296378E-05   8.35660303825974E-07   2.17714653866649E-06   2.04090989596362E-05   3.67562408237555E-06   7.17657321938320E-08   1.00000000000000E-14   5.81623543864604E+00   1.32323411109058E-03   3.37584806996320E-04
  1.33300E+01                1.38063732041999E-05   2.21581282646135E-05   8.36012399319525E-07   2.28536767415580E-06   2.04139969487854E-05   3.84439706138925E-06   7.17751826541904E-08   1.00000000000000E-14   5.81610701960186E+00   1.32316286715041E-03   3.37587383683693E-04
  1.43300E+01                1.37956644572284E-05   2.15316532424285E-05   8.36365848564207E-07   2.39559003737343E-06   2.04189110367718E-05   4.01553818270450E-06   7.17846265123120E-08   1.00000000000000E-14   5.81597864462364E+00   1.32309172484892E-03   3.37590123694890E-04
  1.53300E+01                1.37847870334465E-05   2.08990057139631E-05   8.36720471082005E-07   2.50738260343277E-06   2.04238400047076E-05   4.18832790191809E-06   7.17940651243694E-08   9.99999999999998E-15   5.81585033333059E+00   1.32302067268306E-03   3.37592951105637E-04
  1.63300E+01                1.37739174954274E-05   2.02624035500696E-05   8.37076073850343E-07   2.62029293123856E-06   2.04287824440988E-05   4.36202084100855E-06   7.18034979443442E-08   9.99999999999998E-15   5.81572210432294E+00   1.32294970308600E-03   3.37595824699213E-04
  1.73300E+01                1.37631779110643E-05   1.96241869684924E-05   8.37432451386445E-07   2.73385215138827E-06   2.04337367533074E-05   4.53585404754686E-06   7.18129233701865E-08   9.99999999999997E-15   5.81559397572189E+00   1.32287881066573E-03   3.37598722108446E-04
  1.83300E+01                1.37526566873173E-05   1.89867632956020E-05   8.37789387418869E-07   2.84758150847617E-06   2.04387011496460E-05   4.70905765767012E-06   7.18223392218288E-08   1.00000000000000E-14   5.81546596535287E+00   1.32280799122174E-03   3.37601631218623E-04
  1.93300E+01                1.37424205887620E-05   1.83525560119661E-05   8.38146657605977E-07   2.96099983670677E-06   2.04436736922815E-05   4.88086689742076E-06   7.18317430222184E-08   9.99999999999998E-15   5.81533809072334E+00   1.32273724120030E-03   3.37604545492419E-04
  2.03300E+01                1.37325215584371E-05   1.77239573288625E-05   8.38504032906415E-07   3.07363143188485E-06   2.04486523126139E-05   5.05053452491015E-06   7.18411321716984E-08   9.99999999999999E-15   5.81521036888688E+00   1.32266655739945E-03   3.37607461424219E-04
  2.13300E+01                1.37230005021501E-05   1.71032844639185E-05   8.38861275231591E-07   3.18501384539780E-06   2.04536347087694E-05   5.21734294134919E-06   7.18505037938698E-08   9.99999999999999E-15   5.81508281936111E+00   1.32259592818522E-03   3.37610377153394E-04
  2.23300E+01                1.37138895812844E-05   1.64927404349034E-05   8.39218160698994E-07   3.29470527783047E-06   2.04586187231143E-05   5.38061546514773E-06   7.18598554672905E-08   9.99999999999996E-15   5.81495545640330E+00   1.32252535428833E-03   3.37613291709292E-04
  2.33300E+01                1.37052134602794E-05   1.58943798592005E-05   8.39574473004963E-07   3.40229116495132E-06   2.04636022007093E-05   5.53972613574672E-06   7.18691849400379E-08   9.99999999999999E-15   5.81482829281023E+00   1.32245483764406E-03   3.37616204599787E-04
  2.43300E+01                1.36969901302718E-05   1.53100806316328E-05   8.39930001585732E-07   3.50738978898377E-06   2.04685829352399E-05   5.69410781591042E-06   7.18784899992042E-08   1.00000000000000E-14   5.81470134175305E+00   1.32238437580975E-03   3.37619115587680E-04
  2.53300E+01                1.36892315895465E-05   1.47415219367148E-05   8.40284548596470E-07   3.60965677391765E-06   2.04735587736238E-05   5.84325840523112E-06   7.18877686371939E-08   1.00000000000000E-14   5.81457461509286E+00   1.32231396625249E-03   3.37622024569365E-04
  2.63300E+01                1.36819444328637E-05   1.41901687167698E-05   8.40637931620424E-07   3.70878836584451E-06   2.04785276512341E-05   5.98674504687362E-06   7.18970190820959E-08   9.99999999999997E-15   5.81444812320121E+00   1.32224360656423E-03   3.37624931509012E-04
  2.73300E+01                1.36751304199724E-05   1.36572625188823E-05   8.40989985650265E-07   3.80452349756013E-06   2.04834876195700E-05   6.12420636718972E-06   7.19062398131058E-08   1.00000000000000E-14   5.81432187489009E+00   1.32217329449281E-03   3.37627836403054E-04
  2.83300E+01                1.36687870425851E-05   1.31438183689162E-05   8.41340564496065E-07   3.89664468764885E-06   2.04884368689166E-05   6.25535286582078E-06   7.19154295677717E-08   9.99999999999997E-15   5.81419587738685E+00   1.32210302796050E-03   3.37630739261176E-04
  2.93300E+01                1.36629080896846E-05   1.26506271113211E-05   8.41689541639634E-07   3.98497786962498E-06   2.04933737459264E-05   6.37996564139942E-06   7.19245873422557E-08   9.99999999999999E-15   5.81407013634744E+00   1.32203280507876E-03   3.37633640096256E-04
  3.03300E+01                1.36574842028056E-05   1.21782625016657E-05   8.42036810568750E-07   4.06939127986569E-06   2.04982967661422E-05   6.49789368485143E-06   7.19337123855520E-08   1.00000000000000E-14   5.81394465590351E+00   1.32196262415910E-03   3.37636538919165E-04
  3.13300E+01                1.36525034105772E-05   1.17270922462233E-05   8.42382284641592E-07   4.14979355390788E-06   2.05032046216694E-05   6.60904999900811E-06   7.19428041886166E-08   9.99999999999999E-15   5.81381943873833E+00   1.32189248371948E-03   3.37639435736210E-04
  3.23300E+01                1.36479516325444E-05   1.12972921458124E-05   8.42725896543594E-07   4.22613119025190E-06   2.05080961843634E-05   6.71340681198516E-06   7.19518624694093E-08   1.00000000000000E-14   5.81369448618561E+00   1.32182238248597E-03   3.37642330548054E-04
  3.33300E+01                1.36438131443829E-05   1.08888625117791E-05   8.43067597405589E-07   4.29838554069140E-06   2.05129705050174E-05   6.81099014549444E-06   7.19608871548343E-08   9.99999999999998E-15   5.81356979834578E+00   1.32175231938971E-03   3.37645223349479E-04
  3.43300E+01                1.36400709992136E-05   1.05016460707943E-05   8.43407355654393E-07   4.36656947839591E-06   2.05178268091057E-05   6.90187398145461E-06   7.19698783605292E-08   1.00000000000000E-14   5.81344537421378E+00   1.32168229355983E-03   3.37648114129701E-04
  3.53300E+01                1.36367074021993E-05   1.01353466514776E-05   8.43745155665379E-07   4.43072388149795E-06   2.05226644896738E-05   6.98617424429459E-06   7.19788363693788E-08   9.99999999999998E-15   5.81332121181328E+00   1.32161230431284E-03   3.37651002873019E-04
  3.63300E+01                1.36337040377868E-05   9.78954803972882E-06   8.44080996282050E-07   4.49091405280889E-06   2.05274830979663E-05   7.06404278551201E-06   7.19877616095385E-08   9.99999999999998E-15   5.81319730833263E+00   1.32154235113945E-03   3.37653889559660E-04
  3.73300E+01                1.36310423433682E-05   9.46373248968372E-06   8.44414888099089E-07   4.54722617469397E-06   2.05322823121621E-05   7.13566152011642E-06   7.19966545942701E-08   9.99999999999997E-15   5.81307366070296E+00   1.32147243245856E-03   3.37656774166683E-04
  3.83300E+01                1.36287036881176E-05   9.15729847099511E-06   8.44746842816406E-07   4.59976386665522E-06   2.05370617675324E-05   7.20123681316412E-06   7.20055156018093E-08   1.00000000000000E-14   5.81295026919105E+00   1.32140253600545E-03   3.37659656668837E-04
  3.93300E+01                1.36266697675166E-05   8.86957744614042E-06   8.45076904996919E-07   4.64864501788029E-06   2.05418216227140E-05   7.26099437662564E-06   7.20143457549374E-08   9.99999999999996E-15   5.81282712476997E+00   1.32133267415002E-03   3.37662537039654E-04
  4.03300E+01                1.36249225813190E-05   8.59984922475212E-06   8.45405116430035E-07   4.69399869730268E-06   2.05465619532798E-05   7.31517435748440E-06   7.20231458762809E-08   1.00000000000000E-14   5.81270422231329E+00   1.32126284759531E-03   3.37665415251320E-04
  4.13300E+01                1.36234446017148E-05   8.34735601510886E-06   8.45731525108754E-07   4.73596242473451E-06   2.05512829193006E-05   7.36402705149872E-06   7.20319168145073E-08   1.00000000000000E-14   5.81258155668362E+00   1.32119305651363E-03   3.37668291275522E-04
  4.23300E+01                1.36222188753083E-05   8.11131496865560E-06   8.46056184477516E-07   4.77467969223347E-06   2.05559847626681E-05   7.40780905849630E-06   7.20406594487729E-08   1.00000000000000E-14   5.81245912260675E+00   1.32112330111900E-03   3.37671165083707E-04
  4.33300E+01                1.36212290968353E-05   7.89092923055886E-06   8.46379152239528E-07   4.81029776434647E-06   2.05606677953246E-05   7.44677991477723E-06   7.20493746765545E-08   9.99999999999995E-15   5.81233691473647E+00   1.32105358169038E-03   3.37674036647283E-04
  4.43300E+01                1.36204596607216E-05   7.68539752819742E-06   8.46700489245969E-07   4.84296575522347E-06   2.05653323875885E-05   7.48119919080051E-06   7.20580634021145E-08   9.99999999999997E-15   5.81221492772088E+00   1.32098389856238E-03   3.37676905937743E-04
  4.53300E+01                1.36198956942815E-05   7.49392236140103E-06   8.47020258500512E-07   4.87283297257983E-06   2.05699789572374E-05   7.51132403065130E-06   7.20667265265727E-08   1.00000000000000E-14   5.81209315625908E+00   1.32091425211465E-03   3.37679772926784E-04
  4.63300E+01                1.36195230757772E-05   7.31571688185749E-06   8.47338524281246E-07   4.90004751355664E-06   2.05746079594696E-05   7.53740710301716E-06   7.20753649395716E-08   1.00000000000000E-14   5.81197159514816E+00   1.32084464276282E-03   3.37682637586413E-04
  4.73300E+01                1.36193284401042E-05   7.15001056458748E-06   8.47655351376199E-07   4.92475509418267E-06   2.05792198777891E-05   7.55969492911913E-06   7.20839795124220E-08   9.99999999999999E-15   5.81185023932099E+00   1.32077507095105E-03   3.37685499889051E-04
  4.83300E+01                1.36192991745162E-05   6.99605378317925E-06   8.47970804427333E-07   4.94709809216730E-06   2.05838152158301E-05   7.57842655087978E-06   7.20925710926067E-08   1.00000000000000E-14   5.81172908387579E+00   1.32070553714635E-03   3.37688359807660E-04
  4.93300E+01                1.36194234064317E-05   6.85312140383037E-06   8.48284947375835E-07   4.96721478177483E-06   2.05883944901121E-05   7.59383250194639E-06   7.21011404994960E-08   9.99999999999999E-15   5.81160812409834E+00   1.32063604183470E-03   3.37691217315852E-04
  5.00000E+01                1.36174031820291E-05   6.75967272041431E-06   8.48597397153147E-07   4.97597671993200E-06   2.05929307188491E-05   7.59699863338607E-06   7.21097198318364E-08   1.00000000000000E-14   5.81148717526706E+00   1.32056742714174E-03   3.37693644366353E-04
