# Time          5.0000E+01
# Units: Bars
    Distance        CO2(g)           O2(g)            CH4(g)          
    9.0000000E-02    2.0703407E-02    2.0647001E-01    1.9000024E-04
    2.7000000E-01    2.0971397E-02    2.0063779E-01    1.9000073E-04
    4.5000000E-01    2.1197867E-02    1.9491118E-01    1.9000121E-04
    6.3000000E-01    2.1486879E-02    1.8917474E-01    1.9000169E-04
    8.1000000E-01    2.1856154E-02    1.8341718E-01    1.9000216E-04
    9.9000000E-01    2.2315806E-02    1.7763742E-01    1.9000262E-04
    1.1700000E+00    2.2876524E-02    1.7183546E-01    1.9000309E-04
    1.3500000E+00    2.3550578E-02    1.6601139E-01    1.9000354E-04
    1.5300000E+00    2.4352113E-02    1.6016528E-01    1.9000399E-04
    1.7100000E+00    2.5297375E-02    1.5429722E-01    1.9000444E-04
    1.8900000E+00    2.6404981E-02    1.4840726E-01    1.9000488E-04
    2.0700000E+00    2.7696018E-02    1.4249637E-01    1.9000532E-04
    2.2500000E+00    2.9010956E-02    1.3675503E-01    1.9000575E-04
    2.4300000E+00    3.0327541E-02    1.3120813E-01    1.9000618E-04
    2.6100000E+00    3.1642236E-02    1.2586016E-01    1.9000660E-04
    2.7900000E+00    3.2954062E-02    1.2071260E-01    1.9000701E-04
    2.9700000E+00    3.4262362E-02    1.1576648E-01    1.9000742E-04
    3.1500000E+00    3.5566476E-02    1.1102277E-01    1.9000782E-04
    3.3300000E+00    3.6865681E-02    1.0648241E-01    1.9000822E-04
    3.5100000E+00    3.8159177E-02    1.0214632E-01    1.9000861E-04
    3.6900000E+00    3.9446067E-02    9.8015415E-02    1.9000899E-04
    3.8700000E+00    4.0725346E-02    9.4090618E-02    1.9000937E-04
    4.0500000E+00    4.1995878E-02    9.0372842E-02    1.9000975E-04
    4.2300000E+00    4.3256379E-02    8.6863001E-02    1.9001011E-04
    4.4100000E+00    4.4505392E-02    8.3562012E-02    1.9001047E-04
    4.5900000E+00    4.5741261E-02    8.0470801E-02    1.9001083E-04
    4.7700000E+00    4.6962098E-02    7.7590305E-02    1.9001118E-04
    4.9500000E+00    4.8165753E-02    7.4921471E-02    1.9001152E-04
    5.1300000E+00    4.9349768E-02    7.2465266E-02    1.9001185E-04
    5.3100000E+00    5.0511338E-02    7.0222677E-02    1.9001219E-04
    5.4900000E+00    5.1647257E-02    6.8194713E-02    1.9001251E-04
    5.6700000E+00    5.2753858E-02    6.6382412E-02    1.9001283E-04
    5.8500000E+00    5.3826955E-02    6.4786840E-02    1.9001314E-04
    6.0300000E+00    5.4861764E-02    6.3409095E-02    1.9001345E-04
    6.2100000E+00    5.5852820E-02    6.2250309E-02    1.9001375E-04
    6.3900000E+00    5.6793891E-02    6.1311645E-02    1.9001404E-04
    6.5700000E+00    5.7677866E-02    6.0594302E-02    1.9001433E-04
    6.7500000E+00    5.8496644E-02    6.0099505E-02    1.9001461E-04
    6.9300000E+00    5.9241001E-02    5.9828509E-02    1.9001488E-04
    7.1100000E+00    5.9900440E-02    5.9782592E-02    1.9001515E-04
    7.2900000E+00    6.0463026E-02    5.9963046E-02    1.9001541E-04
    7.4700000E+00    6.0915200E-02    6.0371176E-02    1.9001567E-04
    7.6500000E+00    6.1241557E-02    6.1008288E-02    1.9001592E-04
    7.8300000E+00    6.1424611E-02    6.1875686E-02    1.9001617E-04
    8.0100000E+00    6.1444518E-02    6.2974660E-02    1.9001640E-04
    8.1900000E+00    6.1278706E-02    6.4307187E-02    1.9001664E-04
    8.3700000E+00    6.1065341E-02    6.5710810E-02    1.9001686E-04
    8.5500000E+00    6.0842097E-02    6.7140612E-02    1.9001708E-04
    8.7300000E+00    6.0619048E-02    6.8584779E-02    1.9001730E-04
    8.9100000E+00    6.0398862E-02    7.0040222E-02    1.9001751E-04
    9.0900000E+00    6.0182260E-02    7.1506165E-02    1.9001771E-04
    9.2700000E+00    5.9969471E-02    7.2982438E-02    1.9001791E-04
    9.4500000E+00    5.9760620E-02    7.4469026E-02    1.9001810E-04
    9.6300000E+00    5.9555828E-02    7.5965951E-02    1.9001829E-04
    9.8100000E+00    5.9355240E-02    7.7473250E-02    1.9001847E-04
    9.9900000E+00    5.9159031E-02    7.8990959E-02    1.9001864E-04
    1.0170000E+01    5.8967416E-02    8.0519116E-02    1.9001881E-04
    1.0350000E+01    5.8780652E-02    8.2057762E-02    1.9001898E-04
    1.0530000E+01    5.8599045E-02    8.3606935E-02    1.9001913E-04
    1.0710000E+01    5.8422951E-02    8.5166675E-02    1.9001929E-04
    1.0890000E+01    5.8252788E-02    8.6737023E-02    1.9001943E-04
    1.1070000E+01    5.8089042E-02    8.8318019E-02    1.9001958E-04
    1.1250000E+01    5.7932272E-02    8.9909705E-02    1.9001971E-04
    1.1430000E+01    5.7783125E-02    9.1512123E-02    1.9001984E-04
    1.1610000E+01    5.7642343E-02    9.3125314E-02    1.9001997E-04
    1.1790000E+01    5.7510778E-02    9.4749320E-02    1.9002009E-04
    1.1970000E+01    5.7389407E-02    9.6384185E-02    1.9002021E-04
    1.2150000E+01    5.7279344E-02    9.8029952E-02    1.9002032E-04
    1.2330000E+01    5.7181864E-02    9.9686664E-02    1.9002042E-04
    1.2510000E+01    5.7097984E-02    1.0136315E-01    1.9002052E-04
    1.2690000E+01    5.7014399E-02    1.0298937E-01    1.9002062E-04
    1.2870000E+01    5.6931491E-02    1.0455645E-01    1.9002071E-04
    1.3050000E+01    5.6849266E-02    1.0606428E-01    1.9002080E-04
    1.3230000E+01    5.6767743E-02    1.0751278E-01    1.9002089E-04
    1.3410000E+01    5.6686949E-02    1.0890190E-01    1.9002097E-04
    1.3590000E+01    5.6606919E-02    1.1023164E-01    1.9002105E-04
    1.3770000E+01    5.6527698E-02    1.1150207E-01    1.9002113E-04
    1.3950000E+01    5.6449336E-02    1.1271329E-01    1.9002121E-04
    1.4130000E+01    5.6371892E-02    1.1386551E-01    1.9002128E-04
    1.4310000E+01    5.6295436E-02    1.1495898E-01    1.9002135E-04
    1.4490000E+01    5.6220047E-02    1.1599403E-01    1.9002141E-04
    1.4670000E+01    5.6145814E-02    1.1697107E-01    1.9002147E-04
    1.4850000E+01    5.6072842E-02    1.1789058E-01    1.9002153E-04
    1.5030000E+01    5.6001248E-02    1.1875312E-01    1.9002159E-04
    1.5210000E+01    5.5931169E-02    1.1955932E-01    1.9002164E-04
    1.5390000E+01    5.5862757E-02    1.2030987E-01    1.9002169E-04
    1.5570000E+01    5.5796189E-02    1.2100551E-01    1.9002173E-04
    1.5750000E+01    5.5731665E-02    1.2164701E-01    1.9002178E-04
    1.5930000E+01    5.5669412E-02    1.2223521E-01    1.9002182E-04
    1.6110000E+01    5.5609691E-02    1.2277090E-01    1.9002185E-04
    1.6290000E+01    5.5552797E-02    1.2325493E-01    1.9002188E-04
    1.6470000E+01    5.5499065E-02    1.2368808E-01    1.9002191E-04
    1.6650000E+01    5.5448879E-02    1.2407113E-01    1.9002194E-04
    1.6830000E+01    5.5402672E-02    1.2440477E-01    1.9002196E-04
    1.7010000E+01    5.5360940E-02    1.2468966E-01    1.9002198E-04
    1.7190000E+01    5.5324244E-02    1.2492634E-01    1.9002200E-04
    1.7370000E+01    5.5293223E-02    1.2511526E-01    1.9002201E-04
    1.7550000E+01    5.5268603E-02    1.2525677E-01    1.9002202E-04
    1.7730000E+01    5.5251209E-02    1.2535107E-01    1.9002203E-04
    1.7910000E+01    5.5241980E-02    1.2539825E-01    1.9002203E-04
