# Time          5.0000E+01
# Units: Dimensionless (Log10(Q/Keq)
    Distance           Quartz           Albite           Dolomite-dis     Microcline       Pyrite           Fe(OH)3          Muscovite        Chamosite-7A     Illite           Kaolinite        Smectite-high    SiO2(am)         Calcite          POMC             O2(s)            Gibbsite     
    9.0000000E-02   -3.8135182E-01   -5.6212694E+00   -1.0706924E+01   -2.6527603E+00   -5.6282108E+01    2.1900049E-01    2.8594433E+00   -1.0515255E+01   -4.1381715E-01    3.8126442E+00   -1.1651337E+01   -2.8626031E-01   -4.9957511E+00   -4.2547178E+03    3.7622024E+00    1.9901958E+00
    2.7000000E-01   -1.1751933E-01   -4.8397158E+00   -1.0002452E+01   -1.9180533E+00   -5.6236489E+01    1.1270279E-03    3.0547415E+00   -1.0418823E+01    1.0415393E-01    3.8009004E+00   -1.0537654E+01   -2.2427823E-02   -4.6453804E+00   -5.2300394E+03    3.5133176E+00    1.7204915E+00
    4.5000000E-01    3.2526761E-02   -4.3952956E+00   -9.5513715E+00   -1.4393598E+00   -5.6238805E+01    1.4092940E-03    3.1787351E+00   -1.0395576E+01    4.0000551E-01    3.7462927E+00   -9.8600266E+00    1.2761827E-01   -4.4191734E+00   -6.1042172E+03    3.2617979E+00    1.5431415E+00
    6.3000000E-01    1.3460127E-01   -4.0841875E+00   -9.2178744E+00   -1.0774603E+00   -5.6256681E+01    1.6010181E-03    3.2957297E+00   -1.0398456E+01    6.2250327E-01    3.7055368E+00   -9.3844002E+00    2.2969279E-01   -4.2515596E+00   -6.5948537E+03    3.0023259E+00    1.4206891E+00
    8.1000000E-01    2.1062247E-01   -3.8489693E+00   -8.9528369E+00   -7.9490420E-01   -5.6276941E+01    1.7107640E-03    3.3921080E+00   -1.0423414E+01    7.9409605E-01    3.6714014E+00   -9.0277351E+00    3.0571398E-01   -4.1182194E+00   -6.6948870E+03    2.7338631E+00    1.3276002E+00
    9.9000000E-01    2.7050213E-01   -3.6624680E+00   -8.7324294E+00   -5.6969629E-01   -5.6292183E+01    1.7589074E-03    3.4676806E+00   -1.0461780E+01    9.2893247E-01    3.6415254E+00   -8.7485397E+00    3.6559364E-01   -4.0072757E+00   -6.6951993E+03    2.4557523E+00    1.2527825E+00
    1.1700000E+00    3.1953380E-01   -3.5096234E+00   -8.5436119E+00   -3.8694702E-01   -5.6297735E+01    1.7664653E-03    3.5259990E+00   -1.0505852E+01    1.0369151E+00    3.6151579E+00   -8.5229581E+00    4.1462531E-01   -3.9122176E+00   -6.6824044E+03    2.1673189E+00    1.1905671E+00
    1.3500000E+00    3.6087134E-01   -3.3812296E+00   -8.3787733E+00   -2.3614664E-01   -5.6290657E+01    1.7501078E-03    3.5710172E+00   -1.0550059E+01    1.1250669E+00    3.5920508E+00   -8.3362742E+00    4.5596286E-01   -3.8292411E+00   -6.6676589E+03    1.8678206E+00    1.1376760E+00
    1.5300000E+00    3.9654591E-01   -3.2712399E+00   -8.2332289E+00   -1.0973674E-01   -5.6269236E+01    1.7210297E-03    3.6061750E+00   -1.0590890E+01    1.1984378E+00    3.5721479E+00   -8.1790006E+00    4.9163743E-01   -3.7560013E+00   -6.6521828E+03    1.5564308E+00    1.0920499E+00
    1.7100000E+00    4.2794463E-01   -3.1754607E+00   -8.1039350E+00   -2.1914479E-03   -5.6232632E+01    1.6857490E-03    3.6342404E+00   -1.0626490E+01    1.2607164E+00    3.5554654E+00   -8.0448196E+00    5.2303614E-01   -3.6909723E+00   -6.6360738E+03    1.2322253E+00    1.0523100E+00
    1.8900000E+00    4.5614770E-01   -3.0902362E+00   -7.9886676E+00    9.1163168E-02   -5.6180625E+01    1.6474960E-03    3.6585982E+00   -1.0655430E+01    1.3157101E+00    3.5428748E+00   -7.9285910E+00    5.5123921E-01   -3.6330474E+00   -6.6162420E+03    8.9416608E-01    1.0178116E+00
    2.0700000E+00    4.9923253E-01   -2.8510174E+00   -7.8484982E+00    2.8078629E-01   -5.6128639E+01    1.2733100E-03    3.9735295E+00   -1.0488525E+01    1.6237937E+00    3.7543526E+00   -7.6276907E+00    5.9432405E-01   -3.5718236E+00   -4.8970608E+03    5.4113904E-01    1.0804657E+00
    2.2500000E+00    5.3717241E-01   -2.7397459E+00   -7.7219440E+00    3.4660446E-01   -5.6067678E+01    1.2385265E-03    3.9499444E+00   -1.0530279E+01    1.6643427E+00    3.7408290E+00   -7.4861570E+00    6.3226392E-01   -3.5156265E+00   -4.8259906E+03    1.8392927E-01    1.0357640E+00
    2.4300000E+00    5.7099375E-01   -2.6405256E+00   -7.6059277E+00    4.0371592E-01   -5.6001415E+01    1.2150099E-03    3.9260889E+00   -1.0559826E+01    1.6984112E+00    3.7275048E+00   -7.3589321E+00    6.6608526E-01   -3.4633945E+00   -4.8012007E+03   -1.7572228E-01    9.9528057E-01
    2.6100000E+00    6.0142056E-01   -2.5509872E+00   -7.4986578E+00    4.5389302E-01   -5.5931747E+01    1.1983417E-03    3.9027434E+00   -1.0580323E+01    1.7277481E+00    3.7148358E+00   -7.2433529E+00    6.9651207E-01   -3.4145518E+00   -4.7822114E+03   -5.3717161E-01    9.5851926E-01
    2.7900000E+00    6.2900224E-01   -2.4695416E+00   -7.3988181E+00    4.9826719E-01   -5.5859857E+01    1.1858215E-03    3.8799116E+00   -1.0594232E+01    1.7532140E+00    3.7027932E+00   -7.1376549E+00    7.2409376E-01   -3.3686640E+00   -4.7639932E+03   -8.9988509E-01    9.2491630E-01
    2.9700000E+00    6.5416564E-01   -2.3949546E+00   -7.3053798E+00    5.3771412E-01   -5.5786538E+01    1.1758539E-03    3.8575889E+00   -1.0603184E+01    1.7754667E+00    3.6913503E+00   -7.0404209E+00    7.4925716E-01   -3.3253779E+00   -4.7458692E+03   -1.2632801E+00    8.9403145E-01
    3.1500000E+00    6.7724872E-01   -2.3262484E+00   -7.2175163E+00    5.7292541E-01   -5.5712363E+01    1.1674999E-03    3.8357626E+00   -1.0608284E+01    1.7950181E+00    3.6804789E+00   -6.9504931E+00    7.7234024E-01   -3.2843997E+00   -4.7277681E+03   -1.6266954E+00    8.6551265E-01
    3.3300000E+00    6.9852347E-01   -2.2626362E+00   -7.1345518E+00    6.0445606E-01   -5.5637775E+01    1.1602096E-03    3.8144143E+00   -1.0610308E+01    1.8122727E+00    3.6701495E+00   -6.8669178E+00    7.9361498E-01   -3.2454812E+00   -4.7097098E+03   -1.9893794E+00    8.3907322E-01
    3.5100000E+00    7.1821181E-01   -2.2034756E+00   -7.0559248E+00    6.3275747E-01   -5.5563146E+01    1.1536676E-03    3.7935217E+00   -1.0609825E+01    1.8275538E+00    3.6603322E+00   -6.7889037E+00    8.1330333E-01   -3.2084109E+00   -4.6917319E+03   -2.3504827E+00    8.1447619E-01
    3.6900000E+00    7.3649710E-01   -2.1482364E+00   -6.9811631E+00    6.5820115E-01   -5.5488814E+01    1.1477032E-03    3.7730592E+00   -1.0607270E+01    1.8411230E+00    3.6509965E+00   -6.7157908E+00    8.3158861E-01   -3.1730070E+00   -4.6738789E+03   -2.7090493E+00    7.9152309E-01
    3.8700000E+00    7.5353236E-01   -2.0964761E+00   -6.9098644E+00    6.8109599E-01   -5.5415101E+01    1.1422382E-03    3.7529993E+00   -1.0602987E+01    1.8531937E+00    3.6421123E+00   -6.6470243E+00    8.4862387E-01   -3.1391110E+00   -4.6562011E+03   -3.0640104E+00    7.7004574E-01
    4.0500000E+00    7.6944653E-01   -2.0478217E+00   -6.8416826E+00    7.0170123E-01   -5.5342332E+01    1.1372556E-03    3.7333133E+00   -1.0597263E+01    1.8639417E+00    3.6336494E+00   -6.5821353E+00    8.6453805E-01   -3.1065844E+00   -4.6387539E+03   -3.4141781E+00    7.4990010E-01
    4.2300000E+00    7.8434914E-01   -2.0019565E+00   -6.7763167E+00    7.2023618E-01   -5.5270840E+01    1.1327814E-03    3.7139713E+00   -1.0590345E+01    1.8735123E+00    3.6255777E+00   -6.5207247E+00    8.7944065E-01   -3.0753044E+00   -4.6215990E+03   -3.7582403E+00    7.3096161E-01
    4.4100000E+00    7.9833386E-01   -1.9586092E+00   -6.7135023E+00    7.3688775E-01   -5.5200974E+01    1.1288733E-03    3.6949426E+00   -1.0582451E+01    1.8820264E+00    3.6178669E+00   -6.4624506E+00    8.9342537E-01   -3.0451618E+00   -4.6048035E+03   -4.0947591E+00    7.1312152E-01
    4.5900000E+00    8.1148131E-01   -1.9175461E+00   -6.6530046E+00    7.5181627E-01   -5.5133102E+01    1.1256137E-03    3.6761962E+00   -1.0573778E+01    1.8895852E+00    3.6104869E+00   -6.4070179E+00    9.0657282E-01   -3.0160582E+00   -4.5884406E+03   -4.4221703E+00    6.9628406E-01
    4.7700000E+00    8.2386124E-01   -1.8785645E+00   -6.5946136E+00    7.6516012E-01   -5.5067615E+01    1.1231057E-03    3.6577002E+00   -1.0564510E+01    1.8962729E+00    3.6034069E+00   -6.3541703E+00    9.1895275E-01   -2.9879040E+00   -4.5725892E+03   -4.7387877E+00    6.8036414E-01
    4.9500000E+00    8.3553423E-01   -1.8414875E+00   -6.5381389E+00    7.7703936E-01   -5.5004925E+01    1.1214695E-03    3.6394222E+00   -1.0554817E+01    1.9021601E+00    3.5965956E+00   -6.3036834E+00    9.3062574E-01   -2.9606176E+00   -4.5573336E+03   -5.0428110E+00    6.6528549E-01
    5.1300000E+00    8.4655309E-01   -1.8061601E+00   -6.4834066E+00    7.8755869E-01   -5.4945466E+01    1.1208407E-03    3.6213288E+00   -1.0544865E+01    1.9073057E+00    3.5900206E+00   -6.2553592E+00    9.4164460E-01   -2.9341230E+00   -4.5427632E+03   -5.3323390E+00    6.5097912E-01
    5.3100000E+00    8.5696393E-01   -1.7724461E+00   -6.4302556E+00    7.9680988E-01   -5.4889690E+01    1.1213681E-03    3.6033859E+00   -1.0534811E+01    1.9117582E+00    3.5836481E+00   -6.2090210E+00    9.5205544E-01   -2.9083492E+00   -4.5289716E+03   -5.6053893E+00    6.3738206E-01
    5.4900000E+00    8.6680709E-01   -1.7402248E+00   -6.3785352E+00    8.0487369E-01   -5.4838068E+01    1.1232114E-03    3.5855580E+00   -1.0524810E+01    1.9155574E+00    3.5774428E+00   -6.1645101E+00    9.6189860E-01   -2.8832291E+00   -4.5160554E+03   -5.8599228E+00    6.2443622E-01
    5.6700000E+00    8.7611784E-01   -1.7093893E+00   -6.3281026E+00    8.1182153E-01   -5.4791082E+01    1.1265399E-03    3.5678083E+00   -1.0515012E+01    1.9187351E+00    3.5713667E+00   -6.1216814E+00    9.7120935E-01   -2.8586982E+00   -4.5041135E+03   -6.0938763E+00    6.1208744E-01
    5.8500000E+00    8.8492697E-01   -1.6798446E+00   -6.2788205E+00    8.1771687E-01   -5.4749222E+01    1.1315293E-03    3.5500980E+00   -1.0505565E+01    1.9213162E+00    3.5653794E+00   -6.0804013E+00    9.8001848E-01   -2.8346939E+00   -4.4932451E+03   -6.3052010E+00    6.0028466E-01
    6.0300000E+00    8.9326125E-01   -1.6515059E+00   -6.2305551E+00    8.2261640E-01   -5.4712979E+01    1.1383591E-03    3.5323864E+00   -1.0496615E+01    1.9233187E+00    3.5594368E+00   -6.0405443E+00    9.8835276E-01   -2.8111545E+00   -4.4835480E+03   -6.4919058E+00    5.8897908E-01
    6.2100000E+00    9.0114380E-01   -1.6242974E+00   -6.1831741E+00    8.2657106E-01   -5.4682837E+01    1.1472099E-03    3.5146298E+00   -1.0488308E+01    1.9247547E+00    3.5534907E+00   -6.0019908E+00    9.9623531E-01   -2.7880186E+00   -4.4751164E+03   -6.6521066E+00    5.7812346E-01
    6.3900000E+00    9.0859444E-01   -1.5981513E+00   -6.1365446E+00    8.2962693E-01   -5.4659271E+01    1.1582590E-03    3.4967815E+00   -1.0480789E+01    1.9256303E+00    3.5474878E+00   -5.9646243E+00    1.0036859E+00   -2.7652237E+00   -4.4680389E+03   -6.7840774E+00    5.6767137E-01
    6.5700000E+00    9.1562984E-01   -1.5730068E+00   -6.0905310E+00    8.3182610E-01   -5.4642734E+01    1.1716764E-03    3.4787909E+00   -1.0474205E+01    1.9259456E+00    3.5413687E+00   -5.9283297E+00    1.0107214E+00   -2.7427054E+00   -4.4623961E+03   -6.8863011E+00    5.5757645E-01
    6.7500000E+00    9.2226378E-01   -1.5488094E+00   -6.0449928E+00    8.3320738E-01   -5.4633659E+01    1.1876209E-03    3.4606025E+00   -1.0468705E+01    1.9256948E+00    3.5350670E+00   -5.8929904E+00    1.0173553E+00   -2.7203968E+00   -4.4582579E+03   -6.9575190E+00    5.4779165E-01
    6.9300000E+00    9.2850720E-01   -1.5255101E+00   -5.9997822E+00    8.3380712E-01   -5.4632449E+01    1.2062341E-03    3.4421557E+00   -1.0464440E+01    1.9248661E+00    3.5285072E+00   -5.8584858E+00    1.0235987E+00   -2.6982264E+00   -4.4556815E+03   -6.9967732E+00    5.3826835E-01
    7.1100000E+00    9.3436832E-01   -1.5030649E+00   -5.9547407E+00    8.3365991E-01   -5.4639481E+01    1.2276358E-03    3.4233826E+00   -1.0461569E+01    1.9234410E+00    3.5216036E+00   -5.8246893E+00    1.0294598E+00   -2.6761178E+00   -4.4547096E+03   -7.0034421E+00    5.2895540E-01
    7.2900000E+00    9.3985264E-01   -1.4814340E+00   -5.9096968E+00    8.3279935E-01   -5.4655103E+01    1.2519175E-03    3.4042073E+00   -1.0460256E+01    1.9213938E+00    3.5142575E+00   -5.7914648E+00    1.0349442E+00   -2.6539871E+00   -4.4553680E+03   -6.9772631E+00    5.1979805E-01
    7.4700000E+00    9.4496292E-01   -1.4605815E+00   -5.8644610E+00    8.3125896E-01   -5.4679647E+01    1.2791363E-03    3.3845438E+00   -1.0460679E+01    1.9186911E+00    3.5063550E+00   -5.7586634E+00    1.0400544E+00   -2.6317417E+00   -4.4576654E+03   -6.9183442E+00    5.1073651E-01
    7.6500000E+00    9.4969911E-01   -1.4404750E+00   -5.8188213E+00    8.2907309E-01   -5.4713433E+01    1.3093077E-03    3.3642936E+00   -1.0463030E+01    1.9152900E+00    3.4977630E+00   -5.7261198E+00    1.0447906E+00   -2.6092771E+00   -4.4615919E+03   -6.8271601E+00    5.0170433E-01
    7.8300000E+00    9.5405826E-01   -1.4210844E+00   -5.7725372E+00    8.2627806E-01   -5.4756789E+01    1.3423972E-03    3.3433424E+00   -1.0467526E+01    1.9111372E+00    3.4883252E+00   -5.6936473E+00    1.0491498E+00   -2.5864747E+00   -4.4671197E+03   -6.7045364E+00    4.9262625E-01
    8.0100000E+00    9.5803137E-01   -1.4023882E+00   -5.7253324E+00    8.2291829E-01   -5.4810072E+01    1.3783108E-03    3.3215657E+00   -1.0474412E+01    1.9061679E+00    3.4778544E+00   -5.6610376E+00    1.0531229E+00   -2.5631976E+00   -4.4742864E+03   -6.5516203E+00    4.8341777E-01
    8.1900000E+00    9.5865125E-01   -1.3909328E+00   -5.6777726E+00    8.2385962E-01   -5.4873626E+01    1.4159803E-03    3.3082637E+00   -1.0482135E+01    1.9019615E+00    3.4648509E+00   -5.6338595E+00    1.0537428E+00   -2.5395912E+00   -5.0315850E+03   -6.3697465E+00    4.7629613E-01
    8.3700000E+00    9.5898877E-01   -1.3802293E+00   -5.6308023E+00    8.2430668E-01   -5.4941266E+01    1.4484241E-03    3.2950336E+00   -1.0494702E+01    1.8974713E+00    3.4518488E+00   -5.6085490E+00    1.0540803E+00   -2.5162795E+00   -5.5483068E+03   -6.1822004E+00    4.6945755E-01
    8.5500000E+00    9.5906335E-01   -1.3702989E+00   -5.5848872E+00    8.2424300E-01   -5.5010967E+01    1.4727271E-03    3.2821674E+00   -1.0511957E+01    1.8928585E+00    3.4391954E+00   -5.5855416E+00    1.0541549E+00   -2.4934973E+00   -5.9488973E+03   -5.9952309E+00    4.6305626E-01
    8.7300000E+00    9.5889453E-01   -1.3611051E+00   -5.5401063E+00    8.2369939E-01   -5.5081913E+01    1.4892069E-03    3.2697330E+00   -1.0533237E+01    1.8881789E+00    3.4269670E+00   -5.5647374E+00    1.0539860E+00   -2.4712841E+00   -6.1695819E+03   -5.8103820E+00    4.5711090E-01
    8.9100000E+00    9.5850058E-01   -1.3526003E+00   -5.4964382E+00    8.2271422E-01   -5.5153630E+01    1.4988053E-03    3.2577364E+00   -1.0557798E+01    1.8834567E+00    3.4151677E+00   -5.5459128E+00    1.0535921E+00   -2.4496287E+00   -6.2558829E+03   -5.6279866E+00    4.5160517E-01
    9.0900000E+00    9.5789828E-01   -1.3447373E+00   -5.4538383E+00    8.2132438E-01   -5.5225760E+01    1.5026282E-03    3.2461669E+00   -1.0584932E+01    1.8787062E+00    3.4037834E+00   -5.5288298E+00    1.0529898E+00   -2.4285086E+00   -6.2870585E+03   -5.4480671E+00    4.4651533E-01
    9.2700000E+00    9.5710299E-01   -1.3374722E+00   -5.4122588E+00    8.1956361E-01   -5.5297998E+01    1.5017848E-03    3.2350100E+00   -1.0613993E+01    1.8739384E+00    3.3927967E+00   -5.5132641E+00    1.0521945E+00   -2.4079005E+00   -6.3017533E+03   -5.2705695E+00    4.4181727E-01
    9.4500000E+00    9.5612878E-01   -1.3307650E+00   -5.3716543E+00    8.1746240E-01   -5.5370080E+01    1.4973177E-03    3.2242507E+00   -1.0644403E+01    1.8691626E+00    3.3821902E+00   -5.4990116E+00    1.0512203E+00   -2.3877827E+00   -6.3120255E+03   -5.0954234E+00    4.3748825E-01
    9.6300000E+00    9.5498860E-01   -1.3245788E+00   -5.3319825E+00    8.1504834E-01   -5.5441776E+01    1.4901668E-03    3.2138745E+00   -1.0675657E+01    1.8643871E+00    3.3719476E+00   -5.4858892E+00    1.0500801E+00   -2.3681365E+00   -6.3211000E+03   -4.9225573E+00    4.3350714E-01
    9.8100000E+00    9.5369440E-01   -1.3188801E+00   -5.2932042E+00    8.1234643E-01   -5.5512889E+01    1.4811496E-03    3.2038671E+00   -1.0707321E+01    1.8596195E+00    3.3620537E+00   -5.4737352E+00    1.0487859E+00   -2.3489463E+00   -6.3297956E+03   -4.7519014E+00    4.2985439E-01
    9.9900000E+00    9.5225722E-01   -1.3136384E+00   -5.2552833E+00    8.0937931E-01   -5.5583256E+01    1.4709526E-03    3.1942149E+00   -1.0739034E+01    1.8548668E+00    3.3524944E+00   -5.4624074E+00    1.0473487E+00   -2.3301995E+00   -6.3383168E+03   -4.5833892E+00    4.2651189E-01
    1.0170000E+01    9.5068730E-01   -1.3088256E+00   -5.2181865E+00    8.0616752E-01   -5.5652745E+01    1.4601326E-03    3.1849051E+00   -1.0770500E+01    1.8501358E+00    3.3432564E+00   -5.4517831E+00    1.0457788E+00   -2.3118872E+00   -6.3467158E+03   -4.4169569E+00    4.2346284E-01
    1.0350000E+01    9.4899417E-01   -1.3044161E+00   -5.1818833E+00    8.0272969E-01   -5.5721254E+01    1.4491239E-03    3.1759249E+00   -1.0801489E+01    1.8454331E+00    3.3343279E+00   -5.4417572E+00    1.0440857E+00   -2.2940033E+00   -6.3550072E+03   -4.2525435E+00    4.2069169E-01
    1.0530000E+01    9.4718672E-01   -1.3003864E+00   -5.1463459E+00    7.9908275E-01   -5.5788710E+01    1.4382505E-03    3.1672627E+00   -1.0831832E+01    1.8407648E+00    3.3256977E+00   -5.4322417E+00    1.0422782E+00   -2.2765442E+00   -6.3631970E+03   -4.0900909E+00    4.1818406E-01
    1.0710000E+01    9.4527329E-01   -1.2967147E+00   -5.1115491E+00    7.9524211E-01   -5.5855059E+01    1.4277409E-03    3.1589075E+00   -1.0861406E+01    1.8361372E+00    3.3173563E+00   -5.4231643E+00    1.0403648E+00   -2.2595081E+00   -6.3712886E+03   -3.9295431E+00    4.1592678E-01
    1.0890000E+01    9.4326168E-01   -1.2933810E+00   -5.0774707E+00    7.9122186E-01   -5.5920269E+01    1.4177446E-03    3.1508494E+00   -1.0890136E+01    1.8315559E+00    3.3092952E+00   -5.4144671E+00    1.0383532E+00   -2.2428943E+00   -6.3792851E+03   -3.7708467E+00    4.1390783E-01
    1.1070000E+01    9.4115931E-01   -1.2903664E+00   -5.0440912E+00    7.8703493E-01   -5.5984323E+01    1.4083479E-03    3.1430797E+00   -1.0917981E+01    1.8270268E+00    3.3015076E+00   -5.4061063E+00    1.0362508E+00   -2.2267019E+00   -6.3871891E+03   -3.6139505E+00    4.1211644E-01
    1.1250000E+01    9.3897315E-01   -1.2876536E+00   -5.0113943E+00    7.8269328E-01   -5.6047214E+01    1.3995885E-03    3.1355913E+00   -1.0944925E+01    1.8225551E+00    3.2939886E+00   -5.3980507E+00    1.0340647E+00   -2.2109291E+00   -6.3950031E+03   -3.4588054E+00    4.1054309E-01
    1.1430000E+01    9.3670988E-01   -1.2852257E+00   -4.9793669E+00    7.7820803E-01   -5.6108944E+01    1.3914690E-03    3.1283790E+00   -1.0970976E+01    1.8181459E+00    3.2867350E+00   -5.3902809E+00    1.0318014E+00   -2.1955724E+00   -6.4027298E+03   -3.3053643E+00    4.0917956E-01
    1.1610000E+01    9.3437589E-01   -1.2830673E+00   -4.9479993E+00    7.7358963E-01   -5.6169516E+01    1.3839674E-03    3.1214393E+00   -1.0996152E+01    1.8138042E+00    3.2797458E+00   -5.3827883E+00    1.0294674E+00   -2.1806262E+00   -6.4103714E+03   -3.1535819E+00    4.0801893E-01
    1.1790000E+01    9.3197731E-01   -1.2811631E+00   -4.9172848E+00    7.6884797E-01   -5.6228933E+01    1.3770462E-03    3.1147711E+00   -1.1020481E+01    1.8095348E+00    3.2730220E+00   -5.3755737E+00    1.0270688E+00   -2.1660827E+00   -6.4179302E+03   -3.0034148E+00    4.0705561E-01
    1.1970000E+01    9.2952009E-01   -1.2794990E+00   -4.8872205E+00    7.6399256E-01   -5.6283010E+01    1.3706589E-03    3.1083750E+00   -1.1043994E+01    1.8053426E+00    3.2665669E+00   -5.3686466E+00    1.0246116E+00   -2.1519319E+00   -6.4254083E+03   -2.8548213E+00    4.0628531E-01
    1.2150000E+01    9.2701004E-01   -1.2780612E+00   -4.8578064E+00    7.5903265E-01   -5.4818468E+01    1.3647550E-03    3.1022544E+00   -1.1066725E+01    1.8012326E+00    3.2603862E+00   -5.3620231E+00    1.0221015E+00   -2.1381626E+00   -6.4328079E+03   -2.7077611E+00    4.0570497E-01
    1.2330000E+01    9.2445407E-01   -1.2768395E+00   -4.8290562E+00    7.5398364E-01   -4.9048520E+01    1.3594563E-03    3.0964188E+00   -1.1088591E+01    1.7972130E+00    3.2544876E+00   -5.3557000E+00    1.0195456E+00   -2.1247671E+00   -6.4401305E+03   -2.5621957E+00    4.0531165E-01
    1.2510000E+01    9.2307164E-01   -1.5319257E+00   -4.8107293E+00    5.0155423E-01   -4.3013072E+01    1.9294662E-03    2.3344710E+00   -1.1438682E+01    1.2129530E+00    2.7422044E+00   -5.6246308E+00    1.0181632E+00   -2.1163561E+00   -6.4446368E+03   -2.4173354E+00    1.5055248E-01
    1.2690000E+01    9.2168659E-01   -1.5340464E+00   -4.7925924E+00    5.0207020E-01   -4.2402352E+01    2.1414251E-03    2.3314803E+00   -1.1364908E+01    1.2105428E+00    2.7359276E+00   -5.5980427E+00    1.0167781E+00   -2.1080449E+00   -6.4511092E+03   -2.2790892E+00    1.4879915E-01
    1.2870000E+01    9.2029570E-01   -1.5357716E+00   -4.7746473E+00    5.0295699E-01   -4.2060027E+01    2.2709084E-03    2.3297556E+00   -1.1330141E+01    1.2090812E+00    2.7305343E+00   -5.5810381E+00    1.0153872E+00   -2.0998306E+00   -6.4576667E+03   -2.1479203E+00    1.4749338E-01
    1.3050000E+01    9.1889915E-01   -1.5375110E+00   -4.7568886E+00    5.0380670E-01   -4.1829435E+01    2.3497820E-03    2.3280661E+00   -1.1316486E+01    1.2076241E+00    2.7252020E+00   -5.5694457E+00    1.0139907E+00   -2.0917063E+00   -6.4639614E+03   -2.0235536E+00    1.4622380E-01
    1.3230000E+01    9.1749711E-01   -1.5392648E+00   -4.7393122E+00    5.0462142E-01   -4.1659640E+01    2.3980105E-03    2.3264115E+00   -1.1314397E+01    1.2061705E+00    2.7199287E+00   -5.5608766E+00    1.0125886E+00   -2.0836662E+00   -6.4699379E+03   -1.9057350E+00    1.4498914E-01
    1.3410000E+01    9.1608976E-01   -1.5410325E+00   -4.7219146E+00    5.0540387E-01   -4.1527484E+01    2.4279121E-03    2.3247932E+00   -1.1318651E+01    1.2047205E+00    2.7147132E+00   -5.5540241E+00    1.0111813E+00   -2.0757050E+00   -6.4755959E+03   -1.7942279E+00    1.4378875E-01
    1.3590000E+01    9.1467725E-01   -1.5428140E+00   -4.7046930E+00    5.0615702E-01   -4.1420541E+01    2.4469718E-03    2.3232128E+00   -1.1326290E+01    1.2032746E+00    2.7095546E+00   -5.5481494E+00    1.0097688E+00   -2.0678177E+00   -6.4809446E+03   -1.6888115E+00    1.4262198E-01
    1.3770000E+01    9.1325975E-01   -1.5446092E+00   -4.6876448E+00    5.0688411E-01   -4.1331443E+01    2.4596698E-03    2.3216723E+00   -1.1335625E+01    1.2018334E+00    2.7044520E+00   -5.5428308E+00    1.0083513E+00   -2.0600000E+00   -6.4859944E+03   -1.5892787E+00    1.4148819E-01
    1.3950000E+01    9.1183741E-01   -1.5464184E+00   -4.6707678E+00    5.0758877E-01   -4.1255506E+01    2.4686473E-03    2.3201740E+00   -1.1345689E+01    1.2003975E+00    2.6994043E+00   -5.5378276E+00    1.0069289E+00   -2.0522481E+00   -6.4907554E+03   -1.4954340E+00    1.4038667E-01
    1.4130000E+01    9.1041039E-01   -1.5482418E+00   -4.6540600E+00    5.0827506E-01   -4.1189600E+01    2.4754378E-03    2.3187201E+00   -1.1355938E+01    1.1989679E+00    2.6944102E+00   -5.5330048E+00    1.0055019E+00   -2.0445587E+00   -6.4952371E+03   -1.4070927E+00    1.3931661E-01
    1.4310000E+01    9.0897884E-01   -1.5500800E+00   -4.6375198E+00    5.0894760E-01   -4.1131538E+01    2.4809173E-03    2.3173137E+00   -1.1366071E+01    1.1975456E+00    2.6894680E+00   -5.5282880E+00    1.0040704E+00   -2.0369288E+00   -6.4994487E+03   -1.3240787E+00    1.3827711E-01
    1.4490000E+01    9.0754292E-01   -1.5519338E+00   -4.6211456E+00    5.0961161E-01   -4.1079745E+01    2.4855781E-03    2.3159576E+00   -1.1375929E+01    1.1961318E+00    2.6845762E+00   -5.5236378E+00    1.0026344E+00   -2.0293564E+00   -6.5033990E+03   -1.2462242E+00    1.3726709E-01
    1.4670000E+01    9.0610278E-01   -1.5538043E+00   -4.6049363E+00    5.1027307E-01   -4.1033047E+01    2.4896914E-03    2.3146556E+00   -1.1385430E+01    1.1947280E+00    2.6797324E+00   -5.5190347E+00    1.0011943E+00   -2.0218396E+00   -6.5070961E+03   -1.1733679E+00    1.3628534E-01
    1.4850000E+01    9.0465855E-01   -1.5556927E+00   -4.5888910E+00    5.1093881E-01   -4.0990549E+01    2.4934033E-03    2.3134116E+00   -1.1394541E+01    1.1933360E+00    2.6749342E+00   -5.5144703E+00    9.9975006E-01   -2.0143773E+00   -6.5105482E+03   -1.1053551E+00    1.3533046E-01
    1.5030000E+01    9.0321040E-01   -1.5576008E+00   -4.5730091E+00    5.1161663E-01   -4.0951553E+01    2.4967904E-03    2.3122302E+00   -1.1403252E+01    1.1919576E+00    2.6701787E+00   -5.5099423E+00    9.9830191E-01   -2.0069690E+00   -6.5137628E+03   -1.0420364E+00    1.3440086E-01
    1.5210000E+01    9.0175846E-01   -1.5595306E+00   -4.5572906E+00    5.1231541E-01   -4.0915505E+01    2.4998910E-03    2.3111167E+00   -1.1411566E+01    1.1905950E+00    2.6654625E+00   -5.5054518E+00    9.9684997E-01   -1.9996144E+00   -6.5167474E+03   -9.8326822E-01    1.3349471E-01
    1.5390000E+01    9.0030289E-01   -1.5614846E+00   -4.5417356E+00    5.1304528E-01   -4.0881955E+01    2.5027230E-03    2.3100771E+00   -1.1419495E+01    1.1892509E+00    2.6607819E+00   -5.5010018E+00    9.9539440E-01   -1.9923139E+00   -6.5195091E+03   -9.2891192E-01    1.3260997E-01
    1.5570000E+01    8.9884383E-01   -1.5634655E+00   -4.5263450E+00    5.1381774E-01   -4.0850537E+01    2.5052938E-03    2.3091182E+00   -1.1427052E+01    1.1879281E+00    2.6561324E+00   -5.4965963E+00    9.9393534E-01   -1.9850683E+00   -6.5220547E+03   -8.7883433E-01    1.3174432E-01
    1.5750000E+01    8.9738143E-01   -1.5654768E+00   -4.5111201E+00    5.1464579E-01   -4.0820943E+01    2.5076052E-03    2.3082480E+00   -1.1434256E+01    1.1866298E+00    2.6515094E+00   -5.4922404E+00    9.9247294E-01   -1.9778786E+00   -6.5243907E+03   -8.3290782E-01    1.3089520E-01
    1.5930000E+01    8.9591583E-01   -1.5675223E+00   -4.4960628E+00    5.1554407E-01   -4.0792917E+01    2.5096564E-03    2.3074755E+00   -1.1441124E+01    1.1853596E+00    2.6469074E+00   -5.4879396E+00    9.9100734E-01   -1.9707462E+00   -6.5265234E+03   -7.9101073E-01    1.3005978E-01
    1.6110000E+01    8.9444720E-01   -1.5696062E+00   -4.4811758E+00    5.1652898E-01   -4.0766240E+01    2.5114455E-03    2.3068108E+00   -1.1447674E+01    1.1841216E+00    2.6423205E+00   -5.4837006E+00    9.8953871E-01   -1.9636725E+00   -6.5284588E+03   -7.5302785E-01    1.2923496E-01
    1.6290000E+01    8.9297568E-01   -1.5717334E+00   -4.4664623E+00    5.1761882E-01   -4.0740722E+01    2.5129698E-03    2.3062654E+00   -1.1453923E+01    1.1829201E+00    2.6377423E+00   -5.4795310E+00    9.8806720E-01   -1.9566590E+00   -6.5302023E+03   -7.1885102E-01    1.2841738E-01
    1.6470000E+01    8.9150144E-01   -1.5739092E+00   -4.4519268E+00    5.1883384E-01   -4.0716199E+01    2.5142260E-03    2.3058526E+00   -1.1459891E+01    1.1817601E+00    2.6331659E+00   -5.4754395E+00    9.8659295E-01   -1.9497068E+00   -6.5317591E+03   -6.8837986E-01    1.2760344E-01
    1.6650000E+01    8.9002464E-01   -1.5761398E+00   -4.4375744E+00    5.2019632E-01   -4.0692525E+01    2.5152108E-03    2.3055868E+00   -1.1465595E+01    1.1806469E+00    2.6285841E+00   -5.4714366E+00    9.8511615E-01   -1.9428171E+00   -6.5331340E+03   -6.6152245E-01    1.2678932E-01
    1.6830000E+01    8.8854544E-01   -1.5784316E+00   -4.4234112E+00    5.2173061E-01   -4.0669569E+01    2.5159200E-03    2.3054845E+00   -1.1471052E+01    1.1795864E+00    2.6239891E+00   -5.4675343E+00    9.8363695E-01   -1.9359905E+00   -6.5343313E+03   -6.3819614E-01    1.2597104E-01
    1.7010000E+01    8.8706402E-01   -1.5807917E+00   -4.4094449E+00    5.2346310E-01   -4.0647213E+01    2.5163490E-03    2.3055639E+00   -1.1476279E+01    1.1785849E+00    2.6193732E+00   -5.4637470E+00    9.8215553E-01   -1.9292269E+00   -6.5353547E+03   -6.1832822E-01    1.2514448E-01
    1.7190000E+01    8.8558058E-01   -1.5832277E+00   -4.3956841E+00    5.2542211E-01   -4.0625348E+01    2.5164923E-03    2.3058450E+00   -1.1481292E+01    1.1776491E+00    2.6147283E+00   -5.4600913E+00    9.8067209E-01   -1.9225257E+00   -6.5362076E+03   -6.0185675E-01    1.2430551E-01
    1.7370000E+01    8.8409531E-01   -1.5857478E+00   -4.3821391E+00    5.2763780E-01   -4.0603870E+01    2.5163435E-03    2.3063497E+00   -1.1486107E+01    1.1767863E+00    2.6100468E+00   -5.4565864E+00    9.7918682E-01   -1.9158856E+00   -6.5368925E+03   -5.8873113E-01    1.2345002E-01
    1.7550000E+01    8.8260841E-01   -1.5883606E+00   -4.3688217E+00    5.3014189E-01   -4.0582684E+01    2.5158950E-03    2.3071019E+00   -1.1490738E+01    1.1760044E+00    2.6053211E+00   -5.4532544E+00    9.7769992E-01   -1.9093047E+00   -6.5374116E+03   -5.7891281E-01    1.2257407E-01
    1.7730000E+01    8.8112013E-01   -1.5910753E+00   -4.3557457E+00    5.3296738E-01   -4.0561692E+01    2.5151378E-03    2.3081272E+00   -1.1495198E+01    1.1753115E+00    2.6005444E+00   -5.4501204E+00    9.7621164E-01   -1.9027801E+00   -6.5377664E+03   -5.7237580E-01    1.2167399E-01
    1.7910000E+01    8.7963218E-01   -1.5938980E+00   -4.3429392E+00    5.3614393E-01   -4.0540825E+01    2.5140622E-03    2.3094512E+00   -1.1499493E+01    1.1747169E+00    2.5957159E+00   -5.4472148E+00    9.7472369E-01   -1.8963156E+00   -6.5379576E+03   -5.6910711E-01    1.2074770E-01
