# Time          5.0000E+01
# Units: Mol/kgw
    Distance           H+               Li+              Na+              Ca++             K+               Al+++            SiO2(aq)         CO2(aq)          O2(aq)           Methane(aq)      Fe++             Fe+++            HS-              SO4--            Mg++             Cl-              CH2O             Tracer       
    9.0000000E-02   -2.5264502E-04    1.0000000E-04    1.3617403E-05    7.5969986E-06    6.7596727E-06    8.4859740E-07    2.0592931E-05    1.3205674E-03    3.3769364E-04    3.5589882E-07    7.2109720E-08    2.7870150E-11    1.0000000E-14    1.0000000E-14    4.9759767E-06    1.0000000E-14    5.3735426E-05    1.0000000E-30
    2.7000000E-01   -2.8380100E-04    1.0000000E-04    2.2378714E-05    1.3759010E-05    9.9724625E-06    3.7956479E-07    3.7804763E-05    1.3658844E-03    3.2815159E-04    3.5589635E-07    9.1796248E-08    1.3856374E-11    1.0000000E-14    1.0000000E-14    9.0887886E-06    1.0000000E-14    5.6876776E-06    1.0000000E-30
    4.5000000E-01   -3.1422795E-04    1.0000000E-04    3.0417570E-05    1.9252644E-05    1.4667232E-05    2.1605344E-07    5.3405832E-05    1.4080378E-03    3.1878259E-04    3.5589403E-07    1.0151276E-07    1.1680668E-11    1.0000000E-14    1.0000000E-14    1.2677371E-05    1.0000000E-14    7.5989424E-07    1.0000000E-30
    6.3000000E-01   -3.4361735E-04    1.0000000E-04    3.7903660E-05    2.4187125E-05    2.0543758E-05    1.4382400E-07    6.7555304E-05    1.4523064E-03    3.0939782E-04    3.5589186E-07    1.0446171E-07    1.0142492E-11    1.0000000E-14    1.0000000E-14    1.5861676E-05    1.0000000E-14    2.4553474E-07    1.0000000E-30
    8.1000000E-01   -3.7205952E-04    1.0000000E-04    4.4962638E-05    2.8721454E-05    2.7175189E-05    1.0503717E-07    8.0477981E-05    1.4997496E-03    2.9997878E-04    3.5588981E-07    1.0353589E-07    9.0368389E-12    1.0000000E-14    1.0000000E-14    1.8762339E-05    1.0000000E-14    1.9501863E-07    1.0000000E-30
    9.9000000E-01   -3.9971151E-04    1.0000000E-04    5.1690052E-05    3.3007993E-05    3.4152223E-05    8.1689398E-08    9.2374748E-05    1.5510606E-03    2.9052368E-04    3.5588784E-07    1.0091033E-07    8.2340847E-12    1.0000000E-14    1.0000000E-14    2.1487218E-05    1.0000000E-14    1.9487687E-07    1.0000000E-30
    1.1700000E+00   -4.2672644E-04    1.0000000E-04    5.8162267E-05    3.7165675E-05    4.1166405E-05    6.6573469E-08    1.0341453E-04    1.6069478E-03    2.8103246E-04    3.5588594E-07    9.8018352E-08    7.6538060E-12    1.0000000E-14    1.0000000E-14    2.4119368E-05    1.0000000E-14    2.0070205E-07    1.0000000E-30
    1.3500000E+00   -4.5324381E-04    1.0000000E-04    6.4443162E-05    4.1275802E-05    4.8025337E-05    5.6300953E-08    1.1374067E-04    1.6681849E-03    2.7150526E-04    3.5588407E-07    9.5704565E-08    7.2449798E-12    1.0000000E-14    1.0000000E-14    2.6715736E-05    1.0000000E-14    2.0763186E-07    1.0000000E-30
    1.5300000E+00   -4.7939035E-04    1.0000000E-04    7.0588184E-05    4.5389452E-05    5.4630014E-05    4.9097389E-08    1.2347728E-04    1.7356280E-03    2.6194220E-04    3.5588222E-07    9.4418154E-08    6.9747850E-12    1.0000000E-14    1.0000000E-14    2.9312599E-05    1.0000000E-14    2.1516261E-07    1.0000000E-30
    1.7100000E+00   -5.0528256E-04    1.0000000E-04    7.6646927E-05    4.9536593E-05    6.0946099E-05    4.3959077E-08    1.3273410E-04    1.8102311E-03    2.5234339E-04    3.5588038E-07    9.4378065E-08    6.8222826E-12    1.0000000E-14    1.0000000E-14    3.1931897E-05    1.0000000E-14    2.2329169E-07    1.0000000E-30
    1.8900000E+00   -5.3104285E-04    1.0000000E-04    8.2668051E-05    5.3737718E-05    6.6973798E-05    4.0314652E-08    1.4163883E-04    1.8930760E-03    2.4270890E-04    3.5587853E-07    9.5686845E-08    6.7744332E-12    1.0000000E-14    1.0000000E-14    3.4590662E-05    1.0000000E-14    2.3372280E-07    1.0000000E-30
    2.0700000E+00   -5.5950572E-04    1.0000000E-04    9.1943275E-05    5.8772541E-05    6.6447143E-05    4.6440069E-08    1.5640957E-04    1.9880649E-03    2.3304002E-04    3.5587621E-07    9.6131464E-08    6.7598083E-12    1.0000000E-14    1.0000000E-14    3.9403360E-05    1.0000000E-14    1.2242735E-05    1.0000000E-30
    2.2500000E+00   -5.8779878E-04    1.0000000E-04    1.0119623E-04    6.3802846E-05    6.5864645E-05    4.1871279E-08    1.7068658E-04    2.0841317E-03    2.2364861E-04    3.5587390E-07    9.8084790E-08    6.7691340E-12    1.0000000E-14    1.0000000E-14    4.4189250E-05    1.0000000E-14    1.4419324E-05    1.0000000E-30
    2.4300000E+00   -6.1597206E-04    1.0000000E-04    1.1043077E-04    6.8829723E-05    6.5231039E-05    3.8145588E-08    1.8450873E-04    2.1801618E-03    2.1457535E-04    3.5587158E-07    1.0105811E-07    6.7841911E-12    1.0000000E-14    1.0000000E-14    4.8951165E-05    1.0000000E-14    1.5266200E-05    1.0000000E-30
    2.6100000E+00   -6.4403572E-04    1.0000000E-04    1.1964897E-04    7.3853831E-05    6.4550105E-05    3.5063479E-08    1.9789734E-04    2.2759829E-03    2.0582758E-04    3.5586926E-07    1.0475439E-07    6.8024373E-12    1.0000000E-14    1.0000000E-14    5.3691180E-05    1.0000000E-14    1.5948377E-05    1.0000000E-30
    2.7900000E+00   -6.7199854E-04    1.0000000E-04    1.2885222E-04    7.8875646E-05    6.3825417E-05    3.2473814E-08    2.1087149E-04    2.3715537E-03    1.9740772E-04    3.5586695E-07    1.0899372E-07    6.8228368E-12    1.0000000E-14    1.0000000E-14    5.8411144E-05    1.0000000E-14    1.6631482E-05    1.0000000E-30
    2.9700000E+00   -6.9986823E-04    1.0000000E-04    1.3804137E-04    8.3895513E-05    6.3060335E-05    3.0269372E-08    2.2344853E-04    2.4668482E-03    1.8931744E-04    3.5586463E-07    1.1366540E-07    6.8446752E-12    1.0000000E-14    1.0000000E-14    6.3112717E-05    1.0000000E-14    1.7340081E-05    1.0000000E-30
    3.1500000E+00   -7.2765147E-04    1.0000000E-04    1.4721690E-04    8.8913677E-05    6.2258006E-05    2.8371620E-08    2.3564424E-04    2.5618388E-03    1.8155830E-04    3.5586231E-07    1.1869945E-07    6.8673685E-12    1.0000000E-14    1.0000000E-14    6.7797388E-05    1.0000000E-14    1.8077921E-05    1.0000000E-30
    3.3300000E+00   -7.5535400E-04    1.0000000E-04    1.5637890E-04    9.3930288E-05    6.1421373E-05    2.6721673E-08    2.4747300E-04    2.6564944E-03    1.7413183E-04    3.5585998E-07    1.2404972E-07    6.8904134E-12    1.0000000E-14    1.0000000E-14    7.2466485E-05    1.0000000E-14    1.8845299E-05    1.0000000E-30
    3.5100000E+00   -7.8298070E-04    1.0000000E-04    1.6552717E-04    9.8945423E-05    6.0553191E-05    2.5274510E-08    2.5894793E-04    2.7507784E-03    1.6703953E-04    3.5585766E-07    1.2968377E-07    6.9133623E-12    1.0000000E-14    1.0000000E-14    7.7121192E-05    1.0000000E-14    1.9641616E-05    1.0000000E-30
    3.6900000E+00   -8.1053562E-04    1.0000000E-04    1.7466124E-04    1.0395909E-04    5.9656036E-05    2.3995113E-08    2.7008098E-04    2.8446488E-03    1.6028291E-04    3.5585533E-07    1.3557653E-07    6.9358057E-12    1.0000000E-14    1.0000000E-14    8.1762555E-05    1.0000000E-14    2.0465692E-05    1.0000000E-30
    3.8700000E+00   -8.3802205E-04    1.0000000E-04    1.8378038E-04    1.0897122E-04    5.8732323E-05    2.2855819E-08    2.8088306E-04    2.9380570E-03    1.5386344E-04    3.5585299E-07    1.4170635E-07    6.9573581E-12    1.0000000E-14    1.0000000E-14    8.6391497E-05    1.0000000E-14    2.1315749E-05    1.0000000E-30
    4.0500000E+00   -8.6544255E-04    1.0000000E-04    1.9288364E-04    1.1398171E-04    5.7784320E-05    2.1834471E-08    2.9136408E-04    3.0309471E-03    1.4778261E-04    3.5585065E-07    1.4805230E-07    6.9776466E-12    1.0000000E-14    1.0000000E-14    9.1008822E-05    1.0000000E-14    2.2189321E-05    1.0000000E-30
    4.2300000E+00   -8.9279901E-04    1.0000000E-04    2.0196982E-04    1.1899037E-04    5.6814161E-05    2.0913086E-08    3.0153305E-04    3.1232548E-03    1.4204192E-04    3.5584831E-07    1.5459232E-07    6.9963009E-12    1.0000000E-14    1.0000000E-14    9.5615223E-05    1.0000000E-14    2.3083160E-05    1.0000000E-30
    4.4100000E+00   -9.2009263E-04    1.0000000E-04    2.1103750E-04    1.2399696E-04    5.5823864E-05    2.0076892E-08    3.1139809E-04    3.2149063E-03    1.3664285E-04    3.5584596E-07    1.6130185E-07    7.0129442E-12    1.0000000E-14    1.0000000E-14    1.0021129E-04    1.0000000E-14    2.3993139E-05    1.0000000E-30
    4.5900000E+00   -9.4732396E-04    1.0000000E-04    2.2008504E-04    1.2900120E-04    5.4815338E-05    1.9313608E-08    3.2096651E-04    3.3058166E-03    1.3158690E-04    3.5584360E-07    1.6815276E-07    7.0271853E-12    1.0000000E-14    1.0000000E-14    1.0479751E-04    1.0000000E-14    2.4914162E-05    1.0000000E-30
    4.7700000E+00   -9.7449289E-04    1.0000000E-04    2.2911055E-04    1.3400271E-04    5.3790404E-05    1.8612911E-08    3.3024479E-04    3.3958885E-03    1.2687560E-04    3.5584124E-07    1.7511244E-07    7.0386107E-12    1.0000000E-14    1.0000000E-14    1.0937426E-04    1.0000000E-14    2.5840090E-05    1.0000000E-30
    4.9500000E+00   -1.0015986E-03    1.0000000E-04    2.3811189E-04    1.3900108E-04    5.2750795E-05    1.7966019E-08    3.3923862E-04    3.4850103E-03    1.2251049E-04    3.5583888E-07    1.8214308E-07    7.0467768E-12    1.0000000E-14    1.0000000E-14    1.1394185E-04    1.0000000E-14    2.6763685E-05    1.0000000E-30
    5.1300000E+00   -1.0286397E-03    1.0000000E-04    2.4708664E-04    1.4399579E-04    5.1698180E-05    1.7365381E-08    3.4795292E-04    3.5730539E-03    1.1849314E-04    3.5583651E-07    1.8920098E-07    7.0512031E-12    1.0000000E-14    1.0000000E-14    1.1850044E-04    1.0000000E-14    2.7676594E-05    1.0000000E-30
    5.3100000E+00   -1.0556139E-03    1.0000000E-04    2.5603209E-04    1.4898629E-04    5.0634165E-05    1.6804421E-08    3.5639177E-04    3.6598724E-03    1.1482516E-04    3.5583413E-07    1.9623597E-07    7.0513638E-12    1.0000000E-14    1.0000000E-14    1.2305013E-04    1.0000000E-14    2.8569369E-05    1.0000000E-30
    5.4900000E+00   -1.0825182E-03    1.0000000E-04    2.6494521E-04    1.5397189E-04    4.9560308E-05    1.6277347E-08    3.6455847E-04    3.7452976E-03    1.1150818E-04    3.5583175E-07    2.0319098E-07    7.0466809E-12    1.0000000E-14    1.0000000E-14    1.2759090E-04    1.0000000E-14    2.9431552E-05    1.0000000E-30
    5.6700000E+00   -1.1093489E-03    1.0000000E-04    2.7382259E-04    1.5895185E-04    4.8478128E-05    1.5778990E-08    3.7245543E-04    3.8291369E-03    1.0854390E-04    3.5582937E-07    2.1000158E-07    7.0365157E-12    1.0000000E-14    1.0000000E-14    1.3212262E-04    1.0000000E-14    3.0251812E-05    1.0000000E-30
    5.8500000E+00   -1.1361012E-03    1.0000000E-04    2.8266046E-04    1.6392528E-04    4.7389112E-05    1.5304683E-08    3.8008420E-04    3.9111696E-03    1.0593404E-04    3.5582698E-07    2.1659571E-07    7.0201616E-12    1.0000000E-14    1.0000000E-14    1.3664502E-04    1.0000000E-14    3.1018170E-05    1.0000000E-30
    6.0300000E+00   -1.1627694E-03    1.0000000E-04    2.9145456E-04    1.6889120E-04    4.6294731E-05    1.4850149E-08    3.8744537E-04    3.9911434E-03    1.0368041E-04    3.5582459E-07    2.2289354E-07    6.9968352E-12    1.0000000E-14    1.0000000E-14    1.4115772E-04    1.0000000E-14    3.1718285E-05    1.0000000E-30
    6.2100000E+00   -1.1893468E-03    1.0000000E-04    3.0020016E-04    1.7384849E-04    4.5196440E-05    1.4411424E-08    3.9453853E-04    4.0687702E-03    1.0178483E-04    3.5582220E-07    2.2880739E-07    6.9656691E-12    1.0000000E-14    1.0000000E-14    1.4566021E-04    1.0000000E-14    3.2339827E-05    1.0000000E-30
    6.3900000E+00   -1.2158253E-03    1.0000000E-04    3.0889197E-04    1.7879584E-04    4.4095698E-05    1.3984781E-08    4.0136219E-04    4.1437205E-03    1.0024920E-04    3.5581981E-07    2.3424189E-07    6.9257033E-12    1.0000000E-14    1.0000000E-14    1.5015179E-04    1.0000000E-14    3.2870898E-05    1.0000000E-30
    6.5700000E+00   -1.2421957E-03    1.0000000E-04    3.1752406E-04    1.8373181E-04    4.2993967E-05    1.3566679E-08    4.0791369E-04    4.2156188E-03    9.9075472E-05    3.5581741E-07    2.3909428E-07    6.8758782E-12    1.0000000E-14    1.0000000E-14    1.5463160E-04    1.0000000E-14    3.3300507E-05    1.0000000E-30
    6.7500000E+00   -1.2684471E-03    1.0000000E-04    3.2608980E-04    1.8865473E-04    4.1892730E-05    1.3153714E-08    4.1418909E-04    4.2840366E-03    9.8265642E-05    3.5581502E-07    2.4325489E-07    6.8150273E-12    1.0000000E-14    1.0000000E-14    1.5909862E-04    1.0000000E-14    3.3619055E-05    1.0000000E-30
    6.9300000E+00   -1.2945672E-03    1.0000000E-04    3.3458180E-04    1.9356270E-04    4.0793499E-05    1.2742582E-08    4.2018305E-04    4.3484860E-03    9.7821751E-05    3.5581263E-07    2.4660793E-07    6.7418716E-12    1.0000000E-14    1.0000000E-14    1.6355155E-04    1.0000000E-14    3.3818807E-05    1.0000000E-30
    7.1100000E+00   -1.3205414E-03    1.0000000E-04    3.4299173E-04    1.9845356E-04    3.9697822E-05    1.2330052E-08    4.2588871E-04    4.4084119E-03    9.7745880E-05    3.5581024E-07    2.4903237E-07    6.6550154E-12    1.0000000E-14    1.0000000E-14    1.6798890E-04    1.0000000E-14    3.3894303E-05    1.0000000E-30
    7.2900000E+00   -1.3463535E-03    1.0000000E-04    3.5131032E-04    2.0332487E-04    3.8607301E-05    1.1912951E-08    4.3129749E-04    4.4631826E-03    9.8040134E-05    3.5580785E-07    2.5040321E-07    6.5529438E-12    1.0000000E-14    1.0000000E-14    1.7240885E-04    1.0000000E-14    3.3842678E-05    1.0000000E-30
    7.4700000E+00   -1.3719845E-03    1.0000000E-04    3.5952715E-04    2.0817380E-04    3.7523599E-05    1.1488154E-08    4.3639897E-04    4.5120805E-03    9.8706637E-05    3.5580548E-07    2.5059292E-07    6.4340242E-12    1.0000000E-14    1.0000000E-14    1.7680931E-04    1.0000000E-14    3.3663858E-05    1.0000000E-30
    7.6500000E+00   -1.3974128E-03    1.0000000E-04    3.6763054E-04    2.1299714E-04    3.6448458E-05    1.1052589E-08    4.4118065E-04    4.5542900E-03    9.9747518E-05    3.5580311E-07    2.4947333E-07    6.2965117E-12    1.0000000E-14    1.0000000E-14    1.8118777E-04    1.0000000E-14    3.3360606E-05    1.0000000E-30
    7.8300000E+00   -1.4226138E-03    1.0000000E-04    3.7560739E-04    2.1779122E-04    3.5383712E-05    1.0603255E-08    4.4562769E-04    4.5888855E-03    1.0116490E-04    3.5580075E-07    2.4691768E-07    6.1385611E-12    1.0000000E-14    1.0000000E-14    1.8554132E-04    1.0000000E-14    3.2938417E-05    1.0000000E-30
    8.0100000E+00   -1.4475590E-03    1.0000000E-04    3.8344300E-04    2.2255164E-04    3.4332198E-05    1.0137307E-08    4.4971966E-04    4.6148157E-03    1.0296088E-04    3.5579841E-07    2.4280336E-07    5.9582463E-12    1.0000000E-14    1.0000000E-14    1.8986627E-04    1.0000000E-14    3.2399070E-05    1.0000000E-30
    8.1900000E+00   -1.4722137E-03    1.0000000E-04    3.9109994E-04    2.2710693E-04    3.4179214E-05    9.7034674E-09    4.5035857E-04    4.6308830E-03    1.0513870E-04    3.5579612E-07    2.3705431E-07    5.7534224E-12    1.0000000E-14    1.0000000E-14    1.9389278E-04    1.0000000E-14    8.9790563E-06    1.0000000E-30
    8.3700000E+00   -1.4965791E-03    1.0000000E-04    3.9860566E-04    2.3162395E-04    3.4021156E-05    9.2922937E-09    4.5070530E-04    4.6442108E-03    1.0743274E-04    3.5579386E-07    2.2989732E-07    5.5516754E-12    1.0000000E-14    1.0000000E-14    1.9789241E-04    1.0000000E-14    2.7321567E-06    1.0000000E-30
    8.5500000E+00   -1.5206649E-03    1.0000000E-04    4.0596549E-04    2.3610211E-04    3.3860123E-05    8.9134002E-09    4.5077933E-04    4.6567506E-03    1.0976954E-04    3.5579160E-07    2.2168566E-07    5.3594412E-12    1.0000000E-14    1.0000000E-14    2.0186651E-04    1.0000000E-14    1.0862049E-06    1.0000000E-30
    8.7300000E+00   -1.5444821E-03    1.0000000E-04    4.1318553E-04    2.4054231E-04    3.3697304E-05    8.5662728E-09    4.5060080E-04    4.6690330E-03    1.1212981E-04    3.5578937E-07    2.1275886E-07    5.1776899E-12    1.0000000E-14    1.0000000E-14    2.0581578E-04    1.0000000E-14    6.5346753E-07    1.0000000E-30
    8.9100000E+00   -1.5680419E-03    1.0000000E-04    4.2027179E-04    2.4494571E-04    3.3533468E-05    8.2482167E-09    4.5018894E-04    4.6812063E-03    1.1450849E-04    3.5578715E-07    2.0341558E-07    5.0060439E-12    1.0000000E-14    1.0000000E-14    2.0974086E-04    1.0000000E-14    5.3569772E-07    1.0000000E-30
    9.0900000E+00   -1.5913545E-03    1.0000000E-04    4.2722997E-04    2.4931336E-04    3.3369174E-05    7.9563357E-09    4.4956176E-04    4.6933181E-03    1.1690430E-04    3.5578495E-07    1.9390651E-07    4.8438464E-12    1.0000000E-14    1.0000000E-14    2.1364254E-04    1.0000000E-14    4.9858714E-07    1.0000000E-30
    9.2700000E+00   -1.6144298E-03    1.0000000E-04    4.3406545E-04    2.5364598E-04    3.3204858E-05    7.6879783E-09    4.4873603E-04    4.7053899E-03    1.1931698E-04    3.5578275E-07    1.8443418E-07    4.6904286E-12    1.0000000E-14    1.0000000E-14    2.1752183E-04    1.0000000E-14    4.8199565E-07    1.0000000E-30
    9.4500000E+00   -1.6372767E-03    1.0000000E-04    4.4078331E-04    2.5794381E-04    3.3040885E-05    7.4408038E-09    4.4772736E-04    4.7174371E-03    1.2174649E-04    3.5578057E-07    1.7515586E-07    4.5451699E-12    1.0000000E-14    1.0000000E-14    2.2138018E-04    1.0000000E-14    4.7072556E-07    1.0000000E-30
    9.6300000E+00   -1.6599039E-03    1.0000000E-04    4.4738832E-04    2.6220632E-04    3.2877565E-05    7.2127606E-09    4.4655030E-04    4.7294745E-03    1.2419288E-04    3.5577841E-07    1.6618803E-07    4.4075072E-12    1.0000000E-14    1.0000000E-14    2.2521972E-04    1.0000000E-14    4.6098865E-07    1.0000000E-30
    9.8100000E+00   -1.6823193E-03    1.0000000E-04    4.5388502E-04    2.6643202E-04    3.2715167E-05    7.0020507E-09    4.4521844E-04    4.7415175E-03    1.2665619E-04    3.5577625E-07    1.5761168E-07    4.2769316E-12    1.0000000E-14    1.0000000E-14    2.2904347E-04    1.0000000E-14    4.5184723E-07    1.0000000E-30
    9.9900000E+00   -1.7045305E-03    1.0000000E-04    4.6027769E-04    2.7061820E-04    3.2553924E-05    6.8070942E-09    4.4374446E-04    4.7535826E-03    1.2913650E-04    3.5577411E-07    1.4947799E-07    4.1529841E-12    1.0000000E-14    1.0000000E-14    2.3285562E-04    1.0000000E-14    4.4306492E-07    1.0000000E-30
    1.0170000E+01   -1.7265447E-03    1.0000000E-04    4.6657041E-04    2.7476083E-04    3.2394040E-05    6.6265005E-09    4.4214023E-04    4.7656882E-03    1.3163387E-04    3.5577197E-07    1.4181398E-07    4.0352499E-12    1.0000000E-14    1.0000000E-14    2.3666160E-04    1.0000000E-14    4.3457569E-07    1.0000000E-30
    1.0350000E+01   -1.7483687E-03    1.0000000E-04    4.7276708E-04    2.7885461E-04    3.2235694E-05    6.4590430E-09    4.4041685E-04    4.7778542E-03    1.3414835E-04    3.5576984E-07    1.3462782E-07    3.9233548E-12    1.0000000E-14    1.0000000E-14    2.4046808E-04    1.0000000E-14    4.2635463E-07    1.0000000E-30
    1.0530000E+01   -1.7700089E-03    1.0000000E-04    4.7887142E-04    2.8289315E-04    3.2079037E-05    6.3036388E-09    4.3858476E-04    4.7901028E-03    1.3668002E-04    3.5576773E-07    1.2791361E-07    3.8169611E-12    1.0000000E-14    1.0000000E-14    2.4428277E-04    1.0000000E-14    4.1838708E-07    1.0000000E-30
    1.0710000E+01   -1.7914717E-03    1.0000000E-04    4.8488697E-04    2.8686941E-04    3.1924197E-05    6.1593316E-09    4.3665372E-04    4.8024585E-03    1.3922893E-04    3.5576562E-07    1.2165555E-07    3.7157649E-12    1.0000000E-14    1.0000000E-14    2.4811399E-04    1.0000000E-14    4.1066122E-07    1.0000000E-30
    1.0890000E+01   -1.8127629E-03    1.0000000E-04    4.9081718E-04    2.9077627E-04    3.1771281E-05    6.0252780E-09    4.3463297E-04    4.8149490E-03    1.4179516E-04    3.5576351E-07    1.1583134E-07    3.6194935E-12    1.0000000E-14    1.0000000E-14    2.5197011E-04    1.0000000E-14    4.0316641E-07    1.0000000E-30
    1.1070000E+01   -1.8338884E-03    1.0000000E-04    4.9666535E-04    2.9460720E-04    3.1620370E-05    5.9007356E-09    4.3253116E-04    4.8276050E-03    1.4437877E-04    3.5576142E-07    1.1041496E-07    3.5279030E-12    1.0000000E-14    1.0000000E-14    2.5585891E-04    1.0000000E-14    3.9589269E-07    1.0000000E-30
    1.1250000E+01   -1.8548538E-03    1.0000000E-04    5.0243467E-04    2.9835692E-04    3.1471528E-05    5.7850532E-09    4.3035652E-04    4.8404609E-03    1.4697983E-04    3.5575933E-07    1.0537873E-07    3.4407766E-12    1.0000000E-14    1.0000000E-14    2.5978687E-04    1.0000000E-14    3.8883069E-07    1.0000000E-30
    1.1430000E+01   -1.8756647E-03    1.0000000E-04    5.0812824E-04    3.0202210E-04    3.1324797E-05    5.6776625E-09    4.2811680E-04    4.8535557E-03    1.4959840E-04    3.5575725E-07    1.0069487E-07    3.3579234E-12    1.0000000E-14    1.0000000E-14    2.6375858E-04    1.0000000E-14    3.8197158E-07    1.0000000E-30
    1.1610000E+01   -1.8963266E-03    1.0000000E-04    5.1374911E-04    3.0560174E-04    3.1180205E-05    5.5780709E-09    4.2581941E-04    4.8669329E-03    1.5223455E-04    3.5575517E-07    9.6336561E-08    3.2791769E-12    1.0000000E-14    1.0000000E-14    2.6777624E-04    1.0000000E-14    3.7530698E-07    1.0000000E-30
    1.1790000E+01   -1.9168448E-03    1.0000000E-04    5.1930023E-04    3.0909750E-04    3.1037770E-05    5.4858555E-09    4.2347138E-04    4.8806419E-03    1.5488836E-04    3.5575309E-07    9.2278608E-08    3.2043945E-12    1.0000000E-14    1.0000049E-14    2.7183943E-04    1.0000000E-14    3.6882899E-07    1.0000000E-30
    1.1970000E+01   -1.9372247E-03    1.0000000E-04    5.2478453E-04    3.1251376E-04    3.0897510E-05    5.4006574E-09    4.2107946E-04    4.8947384E-03    1.5755989E-04    3.5575103E-07    8.8497841E-08    3.1334567E-12    1.0000000E-14    1.0048475E-14    2.7594504E-04    1.0000000E-14    3.6253014E-07    1.0000000E-30
    1.2150000E+01   -1.9574719E-03    1.0000000E-04    5.3020490E-04    3.1585739E-04    3.0759453E-05    5.3221771E-09    4.1865013E-04    4.9092853E-03    1.6024921E-04    3.5574896E-07    8.4973289E-08    3.0662668E-12    1.0000000E-14    5.7934154E-14    2.8008745E-04    1.0000000E-14    3.5640331E-07    1.0000000E-30
    1.2330000E+01   -1.9775832E-03    1.0000000E-04    5.3555985E-04    3.1913645E-04    3.0624031E-05    5.2501811E-09    4.1619084E-04    4.9243452E-03    1.6295640E-04    3.5574690E-07    8.1697401E-08    3.0027741E-12    1.0000000E-14    4.7409350E-11    2.8425774E-04    1.0000000E-14    3.5044223E-07    1.0000000E-30
    1.2510000E+01   -1.9892863E-03    1.0000000E-04    5.3652236E-04    3.2141121E-04    3.0866929E-05    2.8975687E-09    4.1486651E-04    4.9317128E-03    1.6569627E-04    3.5574568E-07    9.7209420E-08    2.9679507E-12    1.0000000E-14    4.7054890E-08    2.8726684E-04    1.0000000E-14    3.4682343E-07    1.0000000E-30
    1.2690000E+01   -2.0009405E-03    1.0000000E-04    5.3747853E-04    3.2366463E-04    3.1109845E-05    2.8638590E-09    4.1354389E-04    4.9390427E-03    1.6835396E-04    3.5574447E-07    1.0523954E-07    2.9314437E-12    1.0000000E-14    9.4816482E-08    2.9028076E-04    1.0000000E-14    3.4169154E-07    1.0000000E-30
    1.2870000E+01   -2.0125447E-03    1.0000000E-04    5.3842843E-04    3.2589955E-04    3.1352427E-05    2.8338165E-09    4.1221997E-04    4.9463575E-03    1.7091496E-04    3.5574325E-07    1.0883009E-07    2.8951920E-12    1.0000000E-14    1.4330458E-07    2.9329663E-04    1.0000000E-14    3.3656972E-07    1.0000000E-30
    1.3050000E+01   -2.0241031E-03    1.0000000E-04    5.3937215E-04    3.2811891E-04    3.1594784E-05    2.8046653E-09    4.1089493E-04    4.9536619E-03    1.7337909E-04    3.5574203E-07    1.0984386E-07    2.8593953E-12    1.0000000E-14    1.9249171E-07    2.9631167E-04    1.0000000E-14    3.3172538E-07    1.0000000E-30
    1.3230000E+01   -2.0356186E-03    1.0000000E-04    5.4030979E-04    3.3032564E-04    3.1837043E-05    2.7763692E-09    4.0956898E-04    4.9609596E-03    1.7574621E-04    3.5574082E-07    1.0940379E-07    2.8241702E-12    1.0000000E-14    2.4235035E-07    2.9932307E-04    1.0000000E-14    3.2719034E-07    1.0000000E-30
    1.3410000E+01   -2.0470930E-03    1.0000000E-04    5.4124142E-04    3.3252266E-04    3.2079357E-05    2.7488983E-09    4.0824232E-04    4.9682540E-03    1.7801624E-04    3.5573960E-07    1.0817606E-07    2.7895812E-12    1.0000000E-14    2.9285297E-07    3.0232805E-04    1.0000000E-14    3.2295407E-07    1.0000000E-30
    1.3590000E+01   -2.0585277E-03    1.0000000E-04    5.4216715E-04    3.3471276E-04    3.2321915E-05    2.7222253E-09    4.0691513E-04    4.9755481E-03    1.8018921E-04    3.5573837E-07    1.0654919E-07    2.7556607E-12    1.0000000E-14    3.4397205E-07    3.0532392E-04    1.0000000E-14    3.1899978E-07    1.0000000E-30
    1.3770000E+01   -2.0699235E-03    1.0000000E-04    5.4308706E-04    3.3689858E-04    3.2564943E-05    2.6963248E-09    4.0558759E-04    4.9828452E-03    1.8226520E-04    3.5573715E-07    1.0474551E-07    2.7224215E-12    1.0000000E-14    3.9568008E-07    3.0830813E-04    1.0000000E-14    3.1531087E-07    1.0000000E-30
    1.3950000E+01   -2.0812814E-03    1.0000000E-04    5.4400123E-04    3.3908253E-04    3.2808715E-05    2.6711722E-09    4.0425989E-04    4.9901487E-03    1.8424441E-04    3.5573593E-07    1.0288937E-07    2.6898656E-12    1.0000000E-14    4.4794961E-07    3.1127829E-04    1.0000000E-14    3.1187196E-07    1.0000000E-30
    1.4130000E+01   -2.0926019E-03    1.0000000E-04    5.4490976E-04    3.4126681E-04    3.3053565E-05    2.6467443E-09    4.0293220E-04    4.9974623E-03    1.8612715E-04    3.5573470E-07    1.0104824E-07    2.6579889E-12    1.0000000E-14    5.0075329E-07    3.1423226E-04    1.0000000E-14    3.0866894E-07    1.0000000E-30
    1.4310000E+01   -2.1038857E-03    1.0000000E-04    5.4581272E-04    3.4345332E-04    3.3299890E-05    2.6230180E-09    4.0160469E-04    5.0047901E-03    1.8791384E-04    3.5573347E-07    9.9257163E-08    2.6267842E-12    1.0000000E-14    5.5406386E-07    3.1716812E-04    1.0000000E-14    3.0568888E-07    1.0000000E-30
    1.4490000E+01   -2.1151332E-03    1.0000000E-04    5.4671021E-04    3.4564366E-04    3.3548170E-05    2.5999712E-09    4.0027752E-04    5.0121368E-03    1.8960502E-04    3.5573224E-07    9.7532983E-08    2.5962431E-12    1.0000000E-14    6.0785425E-07    3.2008422E-04    1.0000000E-14    3.0291986E-07    1.0000000E-30
    1.4670000E+01   -2.1263451E-03    1.0000000E-04    5.4760232E-04    3.4783913E-04    3.3798976E-05    2.5775819E-09    3.9895087E-04    5.0195075E-03    1.9120137E-04    3.5573101E-07    9.5882573E-08    2.5663572E-12    1.0000000E-14    6.6209756E-07    3.2297916E-04    1.0000000E-14    3.0035091E-07    1.0000000E-30
    1.4850000E+01   -2.1375218E-03    1.0000000E-04    5.4848913E-04    3.5004071E-04    3.4052986E-05    2.5558285E-09    3.9762488E-04    5.0269081E-03    1.9270368E-04    3.5572977E-07    9.4307492E-08    2.5371190E-12    1.0000000E-14    7.1676712E-07    3.2585180E-04    1.0000000E-14    2.9797186E-07    1.0000000E-30
    1.5030000E+01   -2.1486639E-03    1.0000000E-04    5.4937073E-04    3.5224909E-04    3.4310999E-05    2.5346896E-09    3.9629971E-04    5.0343452E-03    1.9411286E-04    3.5572854E-07    9.2806595E-08    2.5085219E-12    1.0000000E-14    7.7183651E-07    3.2870125E-04    1.0000000E-14    2.9577331E-07    1.0000000E-30
    1.5210000E+01   -2.1597718E-03    1.0000000E-04    5.5024723E-04    3.5446468E-04    3.4573956E-05    2.5141437E-09    3.9497553E-04    5.0418263E-03    1.9542993E-04    3.5572730E-07    9.1377457E-08    2.4805607E-12    1.0000000E-14    8.2727962E-07    3.3152681E-04    1.0000000E-14    2.9374653E-07    1.0000000E-30
    1.5390000E+01   -2.1708462E-03    1.0000000E-04    5.5111870E-04    3.5668765E-04    3.4842957E-05    2.4941699E-09    3.9365248E-04    5.0493598E-03    1.9665603E-04    3.5572606E-07    9.0017149E-08    2.4532320E-12    1.0000000E-14    8.8307064E-07    3.3432796E-04    1.0000000E-14    2.9188343E-07    1.0000000E-30
    1.5570000E+01   -2.1818875E-03    1.0000000E-04    5.5198526E-04    3.5891801E-04    3.5119278E-05    2.4747469E-09    3.9233072E-04    5.0569554E-03    1.9779237E-04    3.5572482E-07    8.8722641E-08    2.4265341E-12    1.0000000E-14    9.3918412E-07    3.3710425E-04    1.0000000E-14    2.9017651E-07    1.0000000E-30
    1.5750000E+01   -2.1928962E-03    1.0000000E-04    5.5284699E-04    3.6115563E-04    3.5404400E-05    2.4558540E-09    3.9101039E-04    5.0646239E-03    1.9884022E-04    3.5572358E-07    8.7491017E-08    2.4004675E-12    1.0000000E-14    9.9559495E-07    3.3985524E-04    1.0000000E-14    2.8861879E-07    1.0000000E-30
    1.5930000E+01   -2.2038730E-03    1.0000000E-04    5.5370400E-04    3.6340041E-04    3.5700025E-05    2.4374704E-09    3.8969164E-04    5.0723775E-03    1.9980092E-04    3.5572233E-07    8.6319574E-08    2.3750346E-12    1.0000000E-14    1.0522784E-06    3.4258043E-04    1.0000000E-14    2.8720386E-07    1.0000000E-30
    1.6110000E+01   -2.2148184E-03    1.0000000E-04    5.5455639E-04    3.6565231E-04    3.6008103E-05    2.4195756E-09    3.8837463E-04    5.0802303E-03    2.0067581E-04    3.5572108E-07    8.5205879E-08    2.3502407E-12    1.0000000E-14    1.1092102E-06    3.4527905E-04    1.0000000E-14    2.8592579E-07    1.0000000E-30
    1.6290000E+01   -2.2257329E-03    1.0000000E-04    5.5540429E-04    3.6791156E-04    3.6330858E-05    2.4021497E-09    3.8705951E-04    5.0881980E-03    2.0146623E-04    3.5571983E-07    8.4147788E-08    2.3260936E-12    1.0000000E-14    1.1663663E-06    3.4794998E-04    1.0000000E-14    2.8477918E-07    1.0000000E-30
    1.6470000E+01   -2.2366172E-03    1.0000000E-04    5.5624779E-04    3.7017881E-04    3.6670812E-05    2.3851735E-09    3.8574642E-04    5.0962986E-03    2.0217350E-04    3.5571858E-07    8.3143458E-08    2.3026039E-12    1.0000000E-14    1.2237232E-06    3.5059155E-04    1.0000000E-14    2.8375911E-07    1.0000000E-30
    1.6650000E+01   -2.2474720E-03    1.0000000E-04    5.5708702E-04    3.7245524E-04    3.7030811E-05    2.3686286E-09    3.8443552E-04    5.1045523E-03    2.0279886E-04    3.5571733E-07    8.2191356E-08    2.2797859E-12    1.0000000E-14    1.2812577E-06    3.5320138E-04    1.0000000E-14    2.8286115E-07    1.0000000E-30
    1.6830000E+01   -2.2582978E-03    1.0000000E-04    5.5792211E-04    3.7474283E-04    3.7414051E-05    2.3524982E-09    3.8312697E-04    5.1129823E-03    2.0334348E-04    3.5571608E-07    8.1290263E-08    2.2576572E-12    1.0000000E-14    1.3389467E-06    3.5577614E-04    1.0000000E-14    2.8208139E-07    1.0000000E-30
    1.7010000E+01   -2.2690953E-03    1.0000000E-04    5.5875318E-04    3.7704446E-04    3.7824106E-05    2.3367670E-09    3.8182093E-04    5.1216147E-03    2.0380839E-04    3.5571482E-07    8.0439281E-08    2.2362398E-12    1.0000000E-14    1.3967678E-06    3.5831142E-04    1.0000000E-14    2.8141642E-07    1.0000000E-30
    1.7190000E+01   -2.2798654E-03    1.0000000E-04    5.5958038E-04    3.7936414E-04    3.8264947E-05    2.3214225E-09    3.8051757E-04    5.1304792E-03    2.0419451E-04    3.5571356E-07    7.9637843E-08    2.2155601E-12    1.0000000E-14    1.4546985E-06    3.6080151E-04    1.0000000E-14    2.8086331E-07    1.0000000E-30
    1.7370000E+01   -2.2906087E-03    1.0000000E-04    5.6040384E-04    3.8170711E-04    3.8740972E-05    2.3064550E-09    3.7921707E-04    5.1396095E-03    2.0450257E-04    3.5571231E-07    7.8885727E-08    2.1956498E-12    1.0000000E-14    1.5127168E-06    3.6323928E-04    1.0000000E-14    2.8041969E-07    1.0000000E-30
    1.7550000E+01   -2.3013262E-03    1.0000000E-04    5.6122373E-04    3.8407992E-04    3.9257021E-05    2.2918587E-09    3.7791961E-04    5.1490439E-03    2.0473313E-04    3.5571105E-07    7.8183072E-08    2.1765462E-12    1.0000000E-14    1.5708007E-06    3.6561605E-04    1.0000000E-14    2.8008370E-07    1.0000000E-30
    1.7730000E+01   -2.3120188E-03    1.0000000E-04    5.6204020E-04    3.8649052E-04    3.9818398E-05    2.2776327E-09    3.7662538E-04    5.1588258E-03    2.0488654E-04    3.5570979E-07    7.7530396E-08    2.1582933E-12    1.0000000E-14    1.6289281E-06    3.6792159E-04    1.0000000E-14    2.7985401E-07    1.0000000E-30
    1.7910000E+01   -2.3226766E-03    1.0000000E-04    5.6285263E-04    3.8894559E-04    4.0430149E-05    2.2637962E-09    3.7533589E-04    5.1689938E-03    2.0496293E-04    3.5570853E-07    7.6929152E-08    2.1409587E-12    1.0000000E-14    1.6870191E-06    3.7014208E-04    1.0000000E-14    2.7972983E-07    1.0000000E-30
