# Time          5.0000E+01
# Units: Weight % Mineral
    Distance           Quartz           Albite           Dolomite-dis     Microcline       Pyrite           Fe(OH)3          Muscovite        Chamosite-7A     Illite           Kaolinite        Smectite-high    SiO2(am)         Calcite          POMC             O2(s)            Gibbsite     
    9.0000000E-02    2.6555527E+01    1.2277661E+01    9.7719587E-02    3.2855481E-01    0.0000000E+00    8.1684545E+00    1.0917193E+00    1.5858981E+01    1.9410965E+00    8.6932668E+00    1.6066582E+01    8.8776123E+00    1.0790893E-06    4.2821918E-02    1.1571934E-06    1.0460117E-06
    2.7000000E-01    2.6563187E+01    1.2284827E+01    9.8555215E-02    3.2868759E-01    0.0000000E+00    8.1326389E+00    1.0920342E+00    1.5863556E+01    1.9417476E+00    8.7002271E+00    1.6071217E+01    8.8804856E+00    1.0794009E-06    4.2834270E-02    1.1575272E-06    1.0463134E-06
    4.5000000E-01    2.6562872E+01    1.2287848E+01    9.9288869E-02    3.2871996E-01    0.0000000E+00    8.1325607E+00    1.0920212E+00    1.5863367E+01    1.9418311E+00    8.6969519E+00    1.6071025E+01    8.8806770E+00    1.0793885E-06    4.2833761E-02    1.1575134E-06    1.0463010E-06
    6.3000000E-01    2.6562425E+01    1.2290398E+01    9.9951507E-02    3.2874990E-01    0.0000000E+00    8.1324407E+00    1.0920028E+00    1.5863099E+01    1.9419325E+00    8.6946025E+00    1.6070755E+01    8.8808063E+00    1.0793709E-06    4.2833039E-02    1.1574939E-06    1.0462834E-06
    8.1000000E-01    2.6561929E+01    1.2292578E+01    1.0055046E-01    3.2877909E-01    0.0000000E+00    8.1323037E+00    1.0919824E+00    1.5862803E+01    1.9420552E+00    8.6928287E+00    1.6070454E+01    8.8809008E+00    1.0793513E-06    4.2832238E-02    1.1574723E-06    1.0462638E-06
    9.9000000E-01    2.6561450E+01    1.2294477E+01    1.0109494E-01    3.2880875E-01    0.0000000E+00    8.1321692E+00    1.0919627E+00    1.5862517E+01    1.9421978E+00    8.6913393E+00    1.6070165E+01    8.8809838E+00    1.0793326E-06    4.2831466E-02    1.1574514E-06    1.0462449E-06
    1.1700000E+00    2.6561004E+01    1.2296153E+01    1.0159305E-01    3.2883918E-01    0.0000000E+00    8.1320418E+00    1.0919444E+00    1.5862250E+01    1.9423555E+00    8.6900291E+00    1.6069894E+01    8.8810615E+00    1.0793153E-06    4.2830746E-02    1.1574319E-06    1.0462274E-06
    1.3500000E+00    2.6560591E+01    1.2297647E+01    1.0205152E-01    3.2887038E-01    0.0000000E+00    8.1319219E+00    1.0919274E+00    1.5862004E+01    1.9425234E+00    8.6888506E+00    1.6069644E+01    8.8811358E+00    1.0792994E-06    4.2830080E-02    1.1574139E-06    1.0462111E-06
    1.5300000E+00    2.6560209E+01    1.2298989E+01    1.0247592E-01    3.2890219E-01    0.0000000E+00    8.1318091E+00    1.0919117E+00    1.5861776E+01    1.9426973E+00    8.6877769E+00    1.6069414E+01    8.8812069E+00    1.0792849E-06    4.2829465E-02    1.1573973E-06    1.0461960E-06
    1.7100000E+00    2.6559855E+01    1.2300204E+01    1.0287090E-01    3.2893441E-01    0.0000000E+00    8.1317029E+00    1.0918972E+00    1.5861565E+01    1.9428736E+00    8.6867904E+00    1.6069200E+01    8.8812749E+00    1.0792717E-06    4.2828894E-02    1.1573819E-06    1.0461821E-06
    1.8900000E+00    2.6559527E+01    1.2301311E+01    1.0324036E-01    3.2896680E-01    0.0000000E+00    8.1316029E+00    1.0918837E+00    1.5861368E+01    1.9430491E+00    8.6858785E+00    1.6069001E+01    8.8813398E+00    1.0792595E-06    4.2828364E-02    1.1573676E-06    1.0461692E-06
    2.0700000E+00    2.1633330E+01    1.8725772E+01    1.0910467E-01    4.6199660E-01    0.0000000E+00    9.6857779E+00    1.5330468E+00    1.5104852E+01    2.0827937E+00    7.9800839E+00    1.0624891E+01    9.3523780E+00    1.1364932E-06    2.7059705E+00    1.2187416E-06    1.1016464E-06
    2.2500000E+00    2.1632979E+01    1.8727169E+01    1.0946512E-01    4.6202112E-01    0.0000000E+00    9.6856153E+00    1.5330220E+00    1.5104607E+01    2.0831541E+00    7.9788745E+00    1.0624719E+01    9.3524449E+00    1.1364766E-06    2.7059266E+00    1.2187218E-06    1.1016286E-06
    2.4300000E+00    2.1632674E+01    1.8728462E+01    1.0980261E-01    4.6203406E-01    0.0000000E+00    9.6854740E+00    1.5330004E+00    1.5104394E+01    2.0834672E+00    7.9777117E+00    1.0624569E+01    9.3525188E+00    1.1364625E-06    2.7058885E+00    1.2187046E-06    1.1016130E-06
    2.6100000E+00    2.1632392E+01    1.8729651E+01    1.1011962E-01    4.6203979E-01    0.0000000E+00    9.6853436E+00    1.5329804E+00    1.5104197E+01    2.0837498E+00    7.9766494E+00    1.0624431E+01    9.3525906E+00    1.1364498E-06    2.7058531E+00    1.2186887E-06    1.1015987E-06
    2.7900000E+00    2.1632129E+01    1.8730749E+01    1.1041833E-01    4.6204094E-01    0.0000000E+00    9.6852228E+00    1.5329618E+00    1.5104013E+01    2.0840035E+00    7.9756760E+00    1.0624302E+01    9.3526599E+00    1.1364383E-06    2.7058203E+00    1.2186739E-06    1.1015853E-06
    2.9700000E+00    2.1631884E+01    1.8731765E+01    1.1070061E-01    4.6203918E-01    0.0000000E+00    9.6851105E+00    1.5329444E+00    1.5103843E+01    2.0842302E+00    7.9747815E+00    1.0624181E+01    9.3527267E+00    1.1364278E-06    2.7057897E+00    1.2186602E-06    1.1015728E-06
    3.1500000E+00    2.1631655E+01    1.8732711E+01    1.1096805E-01    4.6203553E-01    0.0000000E+00    9.6850059E+00    1.5329282E+00    1.5103683E+01    2.0844317E+00    7.9739575E+00    1.0624069E+01    9.3527909E+00    1.1364183E-06    2.7057611E+00    1.2186473E-06    1.1015612E-06
    3.3300000E+00    2.1631441E+01    1.8733592E+01    1.1122205E-01    4.6203097E-01    0.0000000E+00    9.6849082E+00    1.5329130E+00    1.5103533E+01    2.0846099E+00    7.9731965E+00    1.0623964E+01    9.3528524E+00    1.1364097E-06    2.7057342E+00    1.2186352E-06    1.1015502E-06
    3.5100000E+00    2.1631239E+01    1.8734417E+01    1.1146382E-01    4.6202666E-01    0.0000000E+00    9.6848165E+00    1.5328987E+00    1.5103392E+01    2.0847666E+00    7.9724920E+00    1.0623864E+01    9.3529112E+00    1.1364019E-06    2.7057090E+00    1.2186238E-06    1.1015400E-06
    3.6900000E+00    2.1631049E+01    1.8735190E+01    1.1169441E-01    4.6202260E-01    0.0000000E+00    9.6847303E+00    1.5328852E+00    1.5103259E+01    2.0849035E+00    7.9718386E+00    1.0623771E+01    9.3529673E+00    1.1363949E-06    2.7056852E+00    1.2186131E-06    1.1015303E-06
    3.8700000E+00    2.1630870E+01    1.8735917E+01    1.1191476E-01    4.6201878E-01    0.0000000E+00    9.6846492E+00    1.5328725E+00    1.5103134E+01    2.0850223E+00    7.9712315E+00    1.0623683E+01    9.3530207E+00    1.1363886E-06    2.7056628E+00    1.2186030E-06    1.1015212E-06
    4.0500000E+00    2.1630700E+01    1.8736603E+01    1.1212568E-01    4.6201516E-01    0.0000000E+00    9.6845726E+00    1.5328605E+00    1.5103016E+01    2.0851247E+00    7.9706665E+00    1.0623600E+01    9.3530715E+00    1.1363829E-06    2.7056416E+00    1.2185934E-06    1.1015125E-06
    4.2300000E+00    2.1630540E+01    1.8737250E+01    1.1232791E-01    4.6201173E-01    0.0000000E+00    9.6845001E+00    1.5328491E+00    1.5102904E+01    2.0852121E+00    7.9701398E+00    1.0623521E+01    9.3531197E+00    1.1363779E-06    2.7056215E+00    1.2185844E-06    1.1015044E-06
    4.4100000E+00    2.1630388E+01    1.8737863E+01    1.1252211E-01    4.6200848E-01    0.0000000E+00    9.6844315E+00    1.5328383E+00    1.5102798E+01    2.0852859E+00    7.9696480E+00    1.0623446E+01    9.3531654E+00    1.1363735E-06    2.7056025E+00    1.2185758E-06    1.1014966E-06
    4.5900000E+00    2.1630243E+01    1.8738444E+01    1.1270885E-01    4.6200540E-01    0.0000000E+00    9.6843664E+00    1.5328281E+00    1.5102697E+01    2.0853475E+00    7.9691882E+00    1.0623375E+01    9.3532087E+00    1.1363696E-06    2.7055844E+00    1.2185677E-06    1.1014893E-06
    4.7700000E+00    2.1630106E+01    1.8738995E+01    1.1288866E-01    4.6200246E-01    0.0000000E+00    9.6843045E+00    1.5328184E+00    1.5102601E+01    2.0853978E+00    7.9687576E+00    1.0623308E+01    9.3532495E+00    1.1363662E-06    2.7055673E+00    1.2185600E-06    1.1014823E-06
    4.9500000E+00    2.1629975E+01    1.8739521E+01    1.1306202E-01    4.6199967E-01    0.0000000E+00    9.6842456E+00    1.5328091E+00    1.5102510E+01    2.0854381E+00    7.9683538E+00    1.0623244E+01    9.3532880E+00    1.1363633E-06    2.7055509E+00    1.2185526E-06    1.1014756E-06
    5.1300000E+00    2.1629851E+01    1.8740021E+01    1.1322935E-01    4.6199701E-01    0.0000000E+00    9.6841895E+00    1.5328003E+00    1.5102423E+01    2.0854693E+00    7.9679746E+00    1.0623183E+01    9.3533243E+00    1.1363609E-06    2.7055353E+00    1.2185456E-06    1.1014693E-06
    5.3100000E+00    2.1629732E+01    1.8740499E+01    1.1339104E-01    4.6199447E-01    0.0000000E+00    9.6841360E+00    1.5327919E+00    1.5102340E+01    2.0854922E+00    7.9676180E+00    1.0623124E+01    9.3533583E+00    1.1363590E-06    2.7055204E+00    1.2185389E-06    1.1014632E-06
    5.4900000E+00    2.1629618E+01    1.8740955E+01    1.1354744E-01    4.6199204E-01    0.0000000E+00    9.6840849E+00    1.5327838E+00    1.5102260E+01    2.0855076E+00    7.9672823E+00    1.0623068E+01    9.3533902E+00    1.1363575E-06    2.7055062E+00    1.2185325E-06    1.1014574E-06
    5.6700000E+00    2.1629509E+01    1.8741392E+01    1.1369888E-01    4.6198972E-01    0.0000000E+00    9.6840360E+00    1.5327761E+00    1.5102184E+01    2.0855164E+00    7.9669658E+00    1.0623015E+01    9.3534200E+00    1.1363564E-06    2.7054926E+00    1.2185264E-06    1.1014519E-06
    5.8500000E+00    2.1629405E+01    1.8741811E+01    1.1384564E-01    4.6198750E-01    0.0000000E+00    9.6839893E+00    1.5327687E+00    1.5102112E+01    2.0855190E+00    7.9666670E+00    1.0622964E+01    9.3534479E+00    1.1363557E-06    2.7054796E+00    1.2185205E-06    1.1014466E-06
    6.0300000E+00    2.1629306E+01    1.8742212E+01    1.1398800E-01    4.6198537E-01    0.0000000E+00    9.6839445E+00    1.5327617E+00    1.5102042E+01    2.0855162E+00    7.9663847E+00    1.0622915E+01    9.3534737E+00    1.1363554E-06    2.7054672E+00    1.2185149E-06    1.1014415E-06
    6.2100000E+00    2.1629210E+01    1.8742597E+01    1.1412620E-01    4.6198333E-01    0.0000000E+00    9.6839015E+00    1.5327549E+00    1.5101976E+01    2.0855085E+00    7.9661177E+00    1.0622868E+01    9.3534977E+00    1.1363555E-06    2.7054552E+00    1.2185095E-06    1.1014367E-06
    6.3900000E+00    2.1629119E+01    1.8742968E+01    1.1426048E-01    4.6198137E-01    0.0000000E+00    9.6838603E+00    1.5327484E+00    1.5101911E+01    2.0854964E+00    7.9658648E+00    1.0622823E+01    9.3535199E+00    1.1363559E-06    2.7054438E+00    1.2185043E-06    1.1014320E-06
    6.5700000E+00    2.1629031E+01    1.8743325E+01    1.1439103E-01    4.6197949E-01    0.0000000E+00    9.6838207E+00    1.5327422E+00    1.5101850E+01    2.0854802E+00    7.9656250E+00    1.0622780E+01    9.3535403E+00    1.1363567E-06    2.7054327E+00    1.2184994E-06    1.1014275E-06
    6.7500000E+00    2.1628946E+01    1.8743668E+01    1.1451806E-01    4.6197768E-01    0.0000000E+00    9.6837827E+00    1.5327362E+00    1.5101791E+01    2.0854605E+00    7.9653974E+00    1.0622738E+01    9.3535590E+00    1.1363578E-06    2.7054221E+00    1.2184946E-06    1.1014232E-06
    6.9300000E+00    2.1628864E+01    1.8743999E+01    1.1464174E-01    4.6197594E-01    0.0000000E+00    9.6837461E+00    1.5327304E+00    1.5101734E+01    2.0854376E+00    7.9651813E+00    1.0622698E+01    9.3535760E+00    1.1363592E-06    2.7054120E+00    1.2184900E-06    1.1014191E-06
    7.1100000E+00    2.1628786E+01    1.8744318E+01    1.1476225E-01    4.6197427E-01    0.0000000E+00    9.6837109E+00    1.5327248E+00    1.5101679E+01    2.0854118E+00    7.9649757E+00    1.0622660E+01    9.3535914E+00    1.1363610E-06    2.7054021E+00    1.2184856E-06    1.1014151E-06
    7.2900000E+00    2.1628710E+01    1.8744627E+01    1.1487973E-01    4.6197266E-01    0.0000000E+00    9.6836770E+00    1.5327195E+00    1.5101626E+01    2.0853834E+00    7.9647801E+00    1.0622623E+01    9.3536053E+00    1.1363630E-06    2.7053927E+00    1.2184813E-06    1.1014112E-06
    7.4700000E+00    2.1628638E+01    1.8744925E+01    1.1499434E-01    4.6197110E-01    0.0000000E+00    9.6836443E+00    1.5327143E+00    1.5101576E+01    2.0853527E+00    7.9645937E+00    1.0622587E+01    9.3536177E+00    1.1363654E-06    2.7053836E+00    1.2184772E-06    1.1014075E-06
    7.6500000E+00    2.1628567E+01    1.8745213E+01    1.1510620E-01    4.6196960E-01    0.0000000E+00    9.6836127E+00    1.5327094E+00    1.5101527E+01    2.0853200E+00    7.9644160E+00    1.0622552E+01    9.3536287E+00    1.1363681E-06    2.7053748E+00    1.2184733E-06    1.1014039E-06
    7.8300000E+00    2.1628500E+01    1.8745492E+01    1.1521544E-01    4.6196815E-01    0.0000000E+00    9.6835823E+00    1.5327045E+00    1.5101479E+01    2.0852854E+00    7.9642465E+00    1.0622519E+01    9.3536382E+00    1.1363711E-06    2.7053663E+00    1.2184695E-06    1.1014005E-06
    8.0100000E+00    2.1628434E+01    1.8745762E+01    1.1532219E-01    4.6196675E-01    0.0000000E+00    9.6835529E+00    1.5326999E+00    1.5101434E+01    2.0852492E+00    7.9640845E+00    1.0622487E+01    9.3536464E+00    1.1363744E-06    2.7053581E+00    1.2184658E-06    1.1013971E-06
    8.1900000E+00    2.2417720E+01    1.9297380E+01    1.1048440E-01    4.4218049E-01    0.0000000E+00    1.0074780E+01    1.5893081E+00    1.5566527E+01    2.1622190E+00    8.2953707E+00    1.1046195E+01    8.9546739E+00    1.0877078E-06    4.3158106E-02    1.1662783E-06    1.0542238E-06
    8.3700000E+00    2.2417655E+01    1.9297644E+01    1.1058339E-01    4.4217922E-01    0.0000000E+00    1.0074753E+01    1.5893035E+00    1.5566482E+01    2.1622264E+00    8.2951790E+00    1.1046163E+01    8.9546703E+00    1.0877095E-06    4.3157981E-02    1.1662749E-06    1.0542207E-06
    8.5500000E+00    2.2417593E+01    1.9297899E+01    1.1068011E-01    4.4217800E-01    0.0000000E+00    1.0074726E+01    1.5892991E+00    1.5566439E+01    2.1622288E+00    8.2949976E+00    1.1046133E+01    8.9546650E+00    1.0877115E-06    4.3157862E-02    1.1662717E-06    1.0542178E-06
    8.7300000E+00    2.2417534E+01    1.9298147E+01    1.1077466E-01    4.4217683E-01    0.0000000E+00    1.0074700E+01    1.5892949E+00    1.5566398E+01    2.1622273E+00    8.2948251E+00    1.1046104E+01    8.9546581E+00    1.0877137E-06    4.3157748E-02    1.1662686E-06    1.0542150E-06
    8.9100000E+00    2.2417477E+01    1.9298388E+01    1.1086714E-01    4.4217571E-01    0.0000000E+00    1.0074674E+01    1.5892909E+00    1.5566358E+01    2.1622225E+00    8.2946607E+00    1.1046076E+01    8.9546495E+00    1.0877160E-06    4.3157638E-02    1.1662657E-06    1.0542123E-06
    9.0900000E+00    2.2417422E+01    1.9298622E+01    1.1095762E-01    4.4217463E-01    0.0000000E+00    1.0074649E+01    1.5892870E+00    1.5566320E+01    2.1622149E+00    8.2945037E+00    1.1046049E+01    8.9546393E+00    1.0877186E-06    4.3157533E-02    1.1662628E-06    1.0542098E-06
    9.2700000E+00    2.2417369E+01    1.9298850E+01    1.1104617E-01    4.4217358E-01    0.0000000E+00    1.0074626E+01    1.5892833E+00    1.5566283E+01    2.1622048E+00    8.2943537E+00    1.1046023E+01    8.9546276E+00    1.0877213E-06    4.3157431E-02    1.1662601E-06    1.0542073E-06
    9.4500000E+00    2.2417318E+01    1.9299071E+01    1.1113285E-01    4.4217258E-01    0.0000000E+00    1.0074603E+01    1.5892797E+00    1.5566248E+01    2.1621925E+00    8.2942102E+00    1.1045998E+01    8.9546145E+00    1.0877242E-06    4.3157333E-02    1.1662574E-06    1.0542049E-06
    9.6300000E+00    2.2417269E+01    1.9299285E+01    1.1121771E-01    4.4217161E-01    0.0000000E+00    1.0074581E+01    1.5892762E+00    1.5566214E+01    2.1621783E+00    8.2940729E+00    1.1045973E+01    8.9546001E+00    1.0877272E-06    4.3157239E-02    1.1662549E-06    1.0542026E-06
    9.8100000E+00    2.2417222E+01    1.9299494E+01    1.1130079E-01    4.4217068E-01    0.0000000E+00    1.0074559E+01    1.5892728E+00    1.5566181E+01    2.1621624E+00    8.2939414E+00    1.1045950E+01    8.9545843E+00    1.0877305E-06    4.3157148E-02    1.1662524E-06    1.0542004E-06
    9.9900000E+00    2.2417177E+01    1.9299697E+01    1.1138213E-01    4.4216979E-01    0.0000000E+00    1.0074539E+01    1.5892696E+00    1.5566150E+01    2.1621449E+00    8.2938154E+00    1.1045928E+01    8.9545674E+00    1.0877338E-06    4.3157060E-02    1.1662501E-06    1.0541982E-06
    1.0170000E+01    2.2417133E+01    1.9299895E+01    1.1146176E-01    4.4216892E-01    0.0000000E+00    1.0074519E+01    1.5892665E+00    1.5566119E+01    2.1621261E+00    8.2936947E+00    1.1045906E+01    8.9545493E+00    1.0877374E-06    4.3156976E-02    1.1662478E-06    1.0541962E-06
    1.0350000E+01    2.2417091E+01    1.9300087E+01    1.1153970E-01    4.4216809E-01    0.0000000E+00    1.0074500E+01    1.5892635E+00    1.5566090E+01    2.1621061E+00    8.2935790E+00    1.1045885E+01    8.9545301E+00    1.0877410E-06    4.3156895E-02    1.1662456E-06    1.0541942E-06
    1.0530000E+01    2.2417050E+01    1.9300274E+01    1.1161594E-01    4.4216729E-01    0.0000000E+00    1.0074482E+01    1.5892606E+00    1.5566062E+01    2.1620851E+00    8.2934680E+00    1.1045865E+01    8.9545099E+00    1.0877449E-06    4.3156817E-02    1.1662435E-06    1.0541923E-06
    1.0710000E+01    2.2417011E+01    1.9300455E+01    1.1169049E-01    4.4216652E-01    0.0000000E+00    1.0074464E+01    1.5892579E+00    1.5566035E+01    2.1620632E+00    8.2933617E+00    1.1045846E+01    8.9544887E+00    1.0877489E-06    4.3156742E-02    1.1662414E-06    1.0541905E-06
    1.0890000E+01    2.2416974E+01    1.9300631E+01    1.1176332E-01    4.4216578E-01    0.0000000E+00    1.0074447E+01    1.5892552E+00    1.5566009E+01    2.1620406E+00    8.2932599E+00    1.1045828E+01    8.9544667E+00    1.0877530E-06    4.3156669E-02    1.1662395E-06    1.0541887E-06
    1.1070000E+01    2.2416938E+01    1.9300802E+01    1.1183438E-01    4.4216507E-01    0.0000000E+00    1.0074431E+01    1.5892527E+00    1.5565984E+01    2.1620174E+00    8.2931623E+00    1.1045810E+01    8.9544439E+00    1.0877573E-06    4.3156600E-02    1.1662376E-06    1.0541870E-06
    1.1250000E+01    2.2416903E+01    1.9300968E+01    1.1190361E-01    4.4216439E-01    0.0000000E+00    1.0074416E+01    1.5892502E+00    1.5565960E+01    2.1619940E+00    8.2930690E+00    1.1045793E+01    8.9544203E+00    1.0877617E-06    4.3156533E-02    1.1662358E-06    1.0541854E-06
    1.1430000E+01    2.2416870E+01    1.9301128E+01    1.1197094E-01    4.4216374E-01    0.0000000E+00    1.0074401E+01    1.5892479E+00    1.5565937E+01    2.1619703E+00    8.2929797E+00    1.1045777E+01    8.9543961E+00    1.0877662E-06    4.3156470E-02    1.1662341E-06    1.0541838E-06
    1.1610000E+01    2.2416838E+01    1.9301282E+01    1.1203624E-01    4.4216311E-01    0.0000000E+00    1.0074386E+01    1.5892456E+00    1.5565915E+01    2.1619468E+00    8.2928945E+00    1.1045761E+01    8.9543713E+00    1.0877709E-06    4.3156409E-02    1.1662325E-06    1.0541823E-06
    1.1790000E+01    2.2416808E+01    1.9301431E+01    1.1209935E-01    4.4216252E-01    0.0000000E+00    1.0074373E+01    1.5892435E+00    1.5565894E+01    2.1619236E+00    8.2928134E+00    1.1045746E+01    8.9543461E+00    1.0877757E-06    4.3156351E-02    1.1662309E-06    1.0541809E-06
    1.1970000E+01    2.2416780E+01    1.9301573E+01    1.1216009E-01    4.4216196E-01    0.0000000E+00    1.0074360E+01    1.5892415E+00    1.5565874E+01    2.1619009E+00    8.2927363E+00    1.1045732E+01    8.9543205E+00    1.0877806E-06    4.3156297E-02    1.1662294E-06    1.0541796E-06
    1.2150000E+01    2.2416753E+01    1.9301708E+01    1.1221820E-01    4.4216144E-01    0.0000000E+00    1.0074348E+01    1.5892396E+00    1.5565856E+01    2.1618792E+00    8.2926632E+00    1.1045719E+01    8.9542946E+00    1.0877855E-06    4.3156245E-02    1.1662280E-06    1.0541783E-06
    1.2330000E+01    2.2416728E+01    1.9301836E+01    1.1227338E-01    4.4216094E-01    0.0000000E+00    1.0074337E+01    1.5892378E+00    1.5565838E+01    2.1618588E+00    8.2925944E+00    1.1045707E+01    8.9542687E+00    1.0877906E-06    4.3156197E-02    1.1662267E-06    1.0541772E-06
    1.2510000E+01    2.3806897E+01    2.1047909E+01    1.1500223E-01    5.4784355E-01    2.1477723E-01    8.5213516E+00    1.0905746E+00    1.7633227E+01    2.0063912E+00    3.3316803E+00    1.2192823E+01    8.8707534E+00    1.1591872E-06    4.2777019E-02    5.7799003E-01    1.0449150E-06
    1.2690000E+01    2.3806888E+01    2.1047919E+01    1.1502749E-01    5.4784330E-01    2.1477716E-01    8.5213668E+00    1.0905742E+00    1.7633221E+01    2.0063754E+00    3.3316738E+00    1.2192818E+01    8.8707469E+00    1.1591869E-06    4.2777003E-02    5.7798981E-01    1.0449146E-06
    1.2870000E+01    2.3806880E+01    2.1047930E+01    1.1505246E-01    5.4784338E-01    2.1477710E-01    8.5213674E+00    1.0905739E+00    1.7633215E+01    2.0063680E+00    3.3316691E+00    1.2192814E+01    8.8707409E+00    1.1591866E-06    4.2776989E-02    5.7798962E-01    1.0449142E-06
    1.3050000E+01    2.3806873E+01    2.1047941E+01    1.1507719E-01    5.4784342E-01    2.1477704E-01    8.5213654E+00    1.0905735E+00    1.7633210E+01    2.0063607E+00    3.3316646E+00    1.2192811E+01    8.8707352E+00    1.1591864E-06    4.2776976E-02    5.7798944E-01    1.0449139E-06
    1.3230000E+01    2.3806867E+01    2.1047952E+01    1.1510168E-01    5.4784339E-01    2.1477698E-01    8.5213631E+00    1.0905732E+00    1.7633205E+01    2.0063535E+00    3.3316604E+00    1.2192807E+01    8.8707295E+00    1.1591861E-06    4.2776964E-02    5.7798928E-01    1.0449136E-06
    1.3410000E+01    2.3806860E+01    2.1047963E+01    1.1512594E-01    5.4784333E-01    2.1477693E-01    8.5213607E+00    1.0905729E+00    1.7633200E+01    2.0063464E+00    3.3316562E+00    1.2192804E+01    8.8707238E+00    1.1591859E-06    4.2776952E-02    5.7798912E-01    1.0449133E-06
    1.3590000E+01    2.3806853E+01    2.1047973E+01    1.1514998E-01    5.4784324E-01    2.1477687E-01    8.5213583E+00    1.0905726E+00    1.7633195E+01    2.0063392E+00    3.3316521E+00    1.2192800E+01    8.8707182E+00    1.1591857E-06    4.2776940E-02    5.7798895E-01    1.0449130E-06
    1.3770000E+01    2.3806847E+01    2.1047984E+01    1.1517379E-01    5.4784315E-01    2.1477682E-01    8.5213559E+00    1.0905723E+00    1.7633190E+01    2.0063321E+00    3.3316482E+00    1.2192797E+01    8.8707126E+00    1.1591855E-06    4.2776928E-02    5.7798880E-01    1.0449127E-06
    1.3950000E+01    2.3806840E+01    2.1047994E+01    1.1519739E-01    5.4784304E-01    2.1477677E-01    8.5213536E+00    1.0905720E+00    1.7633185E+01    2.0063250E+00    3.3316444E+00    1.2192794E+01    8.8707070E+00    1.1591853E-06    4.2776916E-02    5.7798864E-01    1.0449124E-06
    1.4130000E+01    2.3806834E+01    2.1048005E+01    1.1522077E-01    5.4784293E-01    2.1477672E-01    8.5213513E+00    1.0905717E+00    1.7633180E+01    2.0063180E+00    3.3316406E+00    1.2192790E+01    8.8707014E+00    1.1591851E-06    4.2776905E-02    5.7798848E-01    1.0449122E-06
    1.4310000E+01    2.3806827E+01    2.1048015E+01    1.1524394E-01    5.4784281E-01    2.1477666E-01    8.5213490E+00    1.0905714E+00    1.7633176E+01    2.0063109E+00    3.3316370E+00    1.2192787E+01    8.8706959E+00    1.1591849E-06    4.2776893E-02    5.7798833E-01    1.0449119E-06
    1.4490000E+01    2.3806821E+01    2.1048025E+01    1.1526688E-01    5.4784269E-01    2.1477661E-01    8.5213468E+00    1.0905712E+00    1.7633171E+01    2.0063040E+00    3.3316335E+00    1.2192784E+01    8.8706903E+00    1.1591847E-06    4.2776882E-02    5.7798818E-01    1.0449116E-06
    1.4670000E+01    2.3806815E+01    2.1048035E+01    1.1528961E-01    5.4784257E-01    2.1477656E-01    8.5213445E+00    1.0905709E+00    1.7633166E+01    2.0062970E+00    3.3316300E+00    1.2192781E+01    8.8706848E+00    1.1591845E-06    4.2776871E-02    5.7798803E-01    1.0449113E-06
    1.4850000E+01    2.3806809E+01    2.1048044E+01    1.1531210E-01    5.4784244E-01    2.1477651E-01    8.5213424E+00    1.0905706E+00    1.7633162E+01    2.0062901E+00    3.3316267E+00    1.2192778E+01    8.8706793E+00    1.1591843E-06    4.2776860E-02    5.7798788E-01    1.0449111E-06
    1.5030000E+01    2.3806803E+01    2.1048054E+01    1.1533437E-01    5.4784231E-01    2.1477646E-01    8.5213402E+00    1.0905703E+00    1.7633157E+01    2.0062832E+00    3.3316234E+00    1.2192775E+01    8.8706738E+00    1.1591842E-06    4.2776849E-02    5.7798774E-01    1.0449108E-06
    1.5210000E+01    2.3806797E+01    2.1048064E+01    1.1535639E-01    5.4784217E-01    2.1477641E-01    8.5213381E+00    1.0905701E+00    1.7633153E+01    2.0062764E+00    3.3316202E+00    1.2192772E+01    8.8706683E+00    1.1591840E-06    4.2776839E-02    5.7798759E-01    1.0449106E-06
    1.5390000E+01    2.3806791E+01    2.1048073E+01    1.1537815E-01    5.4784203E-01    2.1477636E-01    8.5213360E+00    1.0905698E+00    1.7633149E+01    2.0062697E+00    3.3316171E+00    1.2192769E+01    8.8706629E+00    1.1591838E-06    4.2776828E-02    5.7798745E-01    1.0449103E-06
    1.5570000E+01    2.3806786E+01    2.1048082E+01    1.1539965E-01    5.4784189E-01    2.1477631E-01    8.5213339E+00    1.0905695E+00    1.7633145E+01    2.0062630E+00    3.3316141E+00    1.2192766E+01    8.8706575E+00    1.1591837E-06    4.2776818E-02    5.7798731E-01    1.0449101E-06
    1.5750000E+01    2.3806780E+01    2.1048091E+01    1.1542085E-01    5.4784175E-01    2.1477627E-01    8.5213319E+00    1.0905693E+00    1.7633140E+01    2.0062564E+00    3.3316112E+00    1.2192763E+01    8.8706521E+00    1.1591835E-06    4.2776808E-02    5.7798718E-01    1.0449098E-06
    1.5930000E+01    2.3806774E+01    2.1048100E+01    1.1544175E-01    5.4784162E-01    2.1477622E-01    8.5213299E+00    1.0905690E+00    1.7633136E+01    2.0062499E+00    3.3316083E+00    1.2192760E+01    8.8706467E+00    1.1591834E-06    4.2776798E-02    5.7798704E-01    1.0449096E-06
    1.6110000E+01    2.3806769E+01    2.1048109E+01    1.1546229E-01    5.4784148E-01    2.1477617E-01    8.5213279E+00    1.0905688E+00    1.7633132E+01    2.0062434E+00    3.3316056E+00    1.2192757E+01    8.8706414E+00    1.1591833E-06    4.2776788E-02    5.7798691E-01    1.0449093E-06
    1.6290000E+01    2.3806764E+01    2.1048117E+01    1.1548246E-01    5.4784136E-01    2.1477613E-01    8.5213260E+00    1.0905685E+00    1.7633128E+01    2.0062371E+00    3.3316029E+00    1.2192754E+01    8.8706361E+00    1.1591831E-06    4.2776779E-02    5.7798678E-01    1.0449091E-06
    1.6470000E+01    2.3806759E+01    2.1048125E+01    1.1550219E-01    5.4784123E-01    2.1477608E-01    8.5213242E+00    1.0905683E+00    1.7633125E+01    2.0062309E+00    3.3316003E+00    1.2192752E+01    8.8706309E+00    1.1591830E-06    4.2776770E-02    5.7798666E-01    1.0449089E-06
    1.6650000E+01    2.3806754E+01    2.1048134E+01    1.1552144E-01    5.4784111E-01    2.1477604E-01    8.5213224E+00    1.0905681E+00    1.7633121E+01    2.0062248E+00    3.3315978E+00    1.2192749E+01    8.8706257E+00    1.1591829E-06    4.2776761E-02    5.7798654E-01    1.0449086E-06
    1.6830000E+01    2.3806749E+01    2.1048141E+01    1.1554012E-01    5.4784099E-01    2.1477600E-01    8.5213206E+00    1.0905678E+00    1.7633117E+01    2.0062189E+00    3.3315955E+00    1.2192747E+01    8.8706206E+00    1.1591828E-06    4.2776752E-02    5.7798642E-01    1.0449084E-06
    1.7010000E+01    2.3806744E+01    2.1048149E+01    1.1555817E-01    5.4784088E-01    2.1477596E-01    8.5213189E+00    1.0905676E+00    1.7633114E+01    2.0062132E+00    3.3315932E+00    1.2192744E+01    8.8706155E+00    1.1591827E-06    4.2776744E-02    5.7798631E-01    1.0449082E-06
    1.7190000E+01    2.3806740E+01    2.1048156E+01    1.1557546E-01    5.4784078E-01    2.1477592E-01    8.5213173E+00    1.0905674E+00    1.7633111E+01    2.0062077E+00    3.3315911E+00    1.2192742E+01    8.8706106E+00    1.1591826E-06    4.2776736E-02    5.7798620E-01    1.0449080E-06
    1.7370000E+01    2.3806736E+01    2.1048163E+01    1.1559187E-01    5.4784066E-01    2.1477588E-01    8.5213158E+00    1.0905672E+00    1.7633108E+01    2.0062024E+00    3.3315891E+00    1.2192740E+01    8.8706057E+00    1.1591826E-06    4.2776728E-02    5.7798610E-01    1.0449079E-06
    1.7550000E+01    2.3806732E+01    2.1048170E+01    1.1560724E-01    5.4784056E-01    2.1477585E-01    8.5213145E+00    1.0905671E+00    1.7633105E+01    2.0061974E+00    3.3315874E+00    1.2192738E+01    8.8706009E+00    1.1591825E-06    4.2776722E-02    5.7798601E-01    1.0449077E-06
    1.7730000E+01    2.3806728E+01    2.1048176E+01    1.1562138E-01    5.4784046E-01    2.1477582E-01    8.5213132E+00    1.0905669E+00    1.7633102E+01    2.0061928E+00    3.3315858E+00    1.2192736E+01    8.8705963E+00    1.1591825E-06    4.2776715E-02    5.7798592E-01    1.0449075E-06
    1.7910000E+01    2.3806725E+01    2.1048181E+01    1.1563404E-01    5.4784038E-01    2.1477579E-01    8.5213121E+00    1.0905668E+00    1.7633100E+01    2.0061886E+00    3.3315845E+00    1.2192735E+01    8.8705919E+00    1.1591825E-06    4.2776710E-02    5.7798585E-01    1.0449074E-06
