# Time          5.0000E+01
# Units: Log10 mol/kgw
    Distance      pH               H+               Li+              Na+              Ca++             K+               Al+++            SiO2(aq)         CO2(aq)          O2(aq)           Methane(aq)      Fe++             Fe+++            HS-              SO4--            Mg++             Cl-              CH2O             Tracer           HCO3-            Al(OH)2+         AlO2-            AlOH++           FeOH+            FeOH++           FeSO4(aq)        FeSO4+           OH-              CO3--            FeCO3(aq)        FeCO3+           FeHCO3+          NaCO3-           NaHCO3(aq)   
    9.0000000E-02    5.8279308E+00   -5.8209276E+00   -3.9999999E+00   -4.8774982E+00   -5.1267197E+00   -5.1666535E+00   -6.8251533E+00   -4.7020590E+00   -2.9896752E+00   -3.4641279E+00   -6.4486735E+00   -7.2037933E+00   -1.4201667E+01   -1.4000000E+01   -1.4000004E+01   -5.3113771E+00   -1.4000000E+01   -3.2720514E+00   -3.0000000E+01   -3.5980396E+00   -6.6213673E+00   -7.9432045E+00   -6.3909174E+00   -1.0897124E+01   -1.0598204E+01   -1.9060942E+01   -2.6561741E+01   -8.6302557E+00   -8.2114046E+00   -1.0608319E+01   -1.2219557E+01   -8.1102615E+00   -1.2446532E+01   -8.2219333E+00
    2.7000000E-01    5.8829352E+00   -5.8753358E+00   -3.9999999E+00   -4.6674917E+00   -4.8720571E+00   -4.9939731E+00   -7.2553782E+00   -4.4426165E+00   -2.9959464E+00   -3.4641585E+00   -6.4486768E+00   -7.1223229E+00   -1.4579088E+01   -1.4000000E+01   -1.4000004E+01   -5.0534806E+00   -1.4000000E+01   -3.2708323E+00   -3.0000000E+01   -3.5486767E+00   -6.9463361E+00   -8.1581645E+00   -6.7690206E+00   -1.0762483E+01   -1.0923504E+01   -1.8984444E+01   -2.6946423E+01   -8.5746225E+00   -8.1051674E+00   -1.0425571E+01   -1.2497989E+01   -7.9818877E+00   -1.2132784E+01   -7.9638195E+00
    4.5000000E-01    5.9310122E+00   -5.9228962E+00   -3.9999999E+00   -4.5388612E+00   -4.7293765E+00   -4.8238823E+00   -7.5730766E+00   -4.2965315E+00   -3.0020659E+00   -3.4641888E+00   -6.4486799E+00   -7.1087528E+00   -1.4718324E+01   -1.4000000E+01   -1.4000004E+01   -4.9126034E+00   -1.4000000E+01   -3.2696166E+00   -3.0000000E+01   -3.5061711E+00   -7.1719974E+00   -8.2876717E+00   -7.0411332E+00   -1.0702427E+01   -1.1017153E+01   -1.8975195E+01   -2.7091958E+01   -8.5259982E+00   -8.0129589E+00   -1.0324103E+01   -1.2551303E+01   -7.9279482E+00   -1.1914116E+01   -7.7937757E+00
    6.3000000E-01    5.9734205E+00   -5.9648532E+00   -3.9999999E+00   -4.4477442E+00   -4.6335984E+00   -4.6763388E+00   -7.8195836E+00   -4.1985002E+00   -3.0080450E+00   -3.4642190E+00   -6.4486827E+00   -7.1333802E+00   -1.4841255E+01   -1.4000000E+01   -1.4000004E+01   -4.8190390E+00   -1.4000000E+01   -3.2684042E+00   -3.0000000E+01   -3.4692612E+00   -7.3372841E+00   -8.3681417E+00   -7.2474033E+00   -1.0686040E+01   -1.1099848E+01   -1.9003609E+01   -2.7220398E+01   -8.4831101E+00   -7.9322159E+00   -1.0271763E+01   -1.2598990E+01   -7.9175362E+00   -1.1744157E+01   -7.6667066E+00
    8.1000000E-01    6.0113460E+00   -6.0023772E+00   -3.9999999E+00   -4.3780681E+00   -4.5623580E+00   -4.5545589E+00   -8.0241663E+00   -4.1267292E+00   -3.0139037E+00   -3.4642491E+00   -6.4486854E+00   -7.1805923E+00   -1.4951295E+01   -1.4000000E+01   -1.4000004E+01   -4.7499560E+00   -1.4000000E+01   -3.2671953E+00   -3.0000000E+01   -3.4367657E+00   -7.4692130E+00   -8.4242199E+00   -7.4159874E+00   -1.0696567E+01   -1.1173889E+01   -1.9054196E+01   -2.7335340E+01   -8.4447567E+00   -7.8605247E+00   -1.0250649E+01   -1.2642231E+01   -7.9339190E+00   -1.1604486E+01   -7.5653892E+00
    9.9000000E-01    6.0456882E+00   -6.0363565E+00   -3.9999999E+00   -4.3221836E+00   -4.5053756E+00   -4.4555498E+00   -8.2005642E+00   -4.0713705E+00   -3.0196627E+00   -3.4642791E+00   -6.4486879E+00   -7.2401063E+00   -1.5051009E+01   -1.4000000E+01   -1.4000003E+01   -4.6950050E+00   -1.4000000E+01   -3.2659897E+00   -3.0000000E+01   -3.4077936E+00   -7.5798173E+00   -8.4661396E+00   -7.5597824E+00   -1.0722862E+01   -1.1241000E+01   -1.9116769E+01   -2.7439491E+01   -8.4100262E+00   -7.7960587E+00   -1.0248747E+01   -1.2681908E+01   -7.9659701E+00   -1.1485673E+01   -7.4813073E+00
    1.1700000E+00    6.0771163E+00   -6.0674518E+00   -3.9999999E+00   -4.2758657E+00   -4.4573509E+00   -4.3748989E+00   -8.3564232E+00   -4.0271763E+00   -3.0253416E+00   -3.4643089E+00   -6.4486903E+00   -7.3046591E+00   -1.5142299E+01   -1.4000000E+01   -1.4000003E+01   -4.6488714E+00   -1.4000000E+01   -3.2647874E+00   -3.0000000E+01   -3.3816867E+00   -7.6754705E+00   -8.4989366E+00   -7.6858054E+00   -1.0757019E+01   -1.1302455E+01   -1.9184132E+01   -2.7534853E+01   -8.3782413E+00   -7.7374655E+00   -1.0257508E+01   -1.2718668E+01   -8.0058022E+00   -1.1382175E+01   -7.4095947E+00
    1.3500000E+00    6.1061363E+00   -6.0961634E+00   -3.9999999E+00   -4.2365408E+00   -4.4154056E+00   -4.3084989E+00   -8.4965341E+00   -3.9910319E+00   -3.0309586E+00   -3.4643388E+00   -6.4486926E+00   -7.3693519E+00   -1.5226606E+01   -1.4000000E+01   -1.4000002E+01   -4.6086769E+00   -1.4000000E+01   -3.2635885E+00   -3.0000000E+01   -3.3579514E+00   -7.7599968E+00   -8.5254229E+00   -7.7983692E+00   -1.0793648E+01   -1.1359214E+01   -1.9251434E+01   -2.7622936E+01   -8.3488897E+00   -7.6837276E+00   -1.0271064E+01   -1.2753004E+01   -8.0480459E+00   -1.1290424E+01   -7.3471961E+00
    1.5300000E+00    6.1331401E+00   -6.1228791E+00   -3.9999999E+00   -4.2025299E+00   -4.3779094E+00   -4.2530220E+00   -8.6241377E+00   -3.9609434E+00   -3.0365314E+00   -3.4643685E+00   -6.4486949E+00   -7.4313180E+00   -1.5305052E+01   -1.4000000E+01   -1.4000002E+01   -4.5727989E+00   -1.4000000E+01   -3.2623928E+00   -3.0000000E+01   -3.3362095E+00   -7.8358861E+00   -8.5473047E+00   -7.9003428E+00   -1.0829505E+01   -1.1412031E+01   -1.9315841E+01   -2.7704911E+01   -8.3215757E+00   -7.6340626E+00   -1.0285799E+01   -1.2785306E+01   -8.0894729E+00   -1.1207975E+01   -7.2920624E+00
    1.7100000E+00    6.1584375E+00   -6.1479059E+00   -3.9999999E+00   -4.1726803E+00   -4.3438877E+00   -4.2059222E+00   -8.7415504E+00   -3.9355608E+00   -3.0420774E+00   -3.4643983E+00   -6.4486970E+00   -7.4892927E+00   -1.5378533E+01   -1.4000000E+01   -1.4000002E+01   -4.5402743E+00   -1.4000000E+01   -3.2612004E+00   -3.0000000E+01   -3.3161653E+00   -7.9048580E+00   -8.5656818E+00   -7.9937468E+00   -1.0863024E+01   -1.1461503E+01   -1.9376114E+01   -2.7781709E+01   -8.2959861E+00   -7.5878556E+00   -1.0299856E+01   -1.2815890E+01   -8.1285349E+00   -1.1133074E+01   -7.2427515E+00
    1.8900000E+00    6.1822838E+00   -6.1714967E+00   -3.9999999E+00   -4.1461562E+00   -4.3127062E+00   -4.1653166E+00   -8.8503484E+00   -3.9138866E+00   -3.0476142E+00   -3.4644280E+00   -6.4486991E+00   -7.5430839E+00   -1.5447792E+01   -1.4000000E+01   -1.4000001E+01   -4.5104617E+00   -1.4000000E+01   -3.2599422E+00   -3.0000000E+01   -3.2975788E+00   -7.9679970E+00   -8.5811282E+00   -8.0799137E+00   -1.0893764E+01   -1.1508130E+01   -1.9432077E+01   -2.7854101E+01   -8.2718635E+00   -7.5446045E+00   -1.0312561E+01   -1.2845023E+01   -8.1648090E+00   -1.1064392E+01   -7.1981922E+00
    2.0700000E+00    6.2063067E+00   -6.1952343E+00   -3.9999999E+00   -4.1100659E+00   -4.2766163E+00   -4.1678301E+00   -8.8610807E+00   -3.8814639E+00   -3.0531592E+00   -3.4644581E+00   -6.4487016E+00   -7.6096899E+00   -1.5517697E+01   -1.4000000E+01   -1.4000001E+01   -4.4569112E+00   -1.4000000E+01   -3.1956592E+00   -3.0000000E+01   -3.2787908E+00   -7.9329541E+00   -8.4980394E+00   -8.0679783E+00   -1.0937236E+01   -1.1555367E+01   -1.9501113E+01   -2.7927509E+01   -8.2475313E+00   -7.5008781E+00   -1.0337862E+01   -1.2874695E+01   -8.2138228E+00   -1.0985797E+01   -7.1439309E+00
    2.2500000E+00    6.2289064E+00   -6.2175654E+00   -3.9999999E+00   -4.0783227E+00   -4.2440037E+00   -4.1705187E+00   -8.9729299E+00   -3.8539507E+00   -3.0586122E+00   -3.4644882E+00   -6.4487040E+00   -7.6644804E+00   -1.5583102E+01   -1.4000000E+01   -1.4000001E+01   -4.4103872E+00   -1.4000000E+01   -3.1396758E+00   -3.0000000E+01   -3.2613519E+00   -8.0017401E+00   -8.5216262E+00   -8.1585011E+00   -1.0970264E+01   -1.1599446E+01   -1.9558194E+01   -2.7996211E+01   -8.2246400E+00   -7.4599767E+00   -1.0354033E+01   -1.2902487E+01   -8.2523009E+00   -1.0914305E+01   -7.0953306E+00
    2.4300000E+00    6.2502735E+00   -6.2386788E+00   -3.9999999E+00   -4.0500714E+00   -4.2142811E+00   -4.1733512E+00   -9.0767090E+00   -3.8303142E+00   -3.0639836E+00   -3.4645183E+00   -6.4487064E+00   -7.7123976E+00   -1.5644928E+01   -1.4000000E+01   -1.4000001E+01   -4.3693178E+00   -1.4000000E+01   -3.0900918E+00   -3.0000000E+01   -3.2450792E+00   -8.0648038E+00   -8.5419555E+00   -8.2421150E+00   -1.0997606E+01   -1.1641107E+01   -1.9608280E+01   -2.8061155E+01   -8.2029967E+00   -7.4215200E+00   -1.0365653E+01   -1.2928966E+01   -8.2850112E+00   -1.0848688E+01   -7.0513575E+00
    2.6100000E+00    6.2705575E+00   -6.2587221E+00   -3.9999999E+00   -4.0246809E+00   -4.1869973E+00   -4.1763038E+00   -9.1734121E+00   -3.8098219E+00   -3.0692808E+00   -3.4645484E+00   -6.4487087E+00   -7.7560365E+00   -1.5703616E+01   -1.4000000E+01   -1.4000001E+01   -4.3326012E+00   -1.4000000E+01   -3.0455931E+00   -3.0000000E+01   -3.2298293E+00   -8.1228538E+00   -8.5594377E+00   -8.3196729E+00   -1.1021712E+01   -1.1680649E+01   -1.9653978E+01   -2.8122802E+01   -8.1824503E+00   -7.3852100E+00   -1.0375033E+01   -1.2954295E+01   -8.3144125E+00   -1.0788024E+01   -7.0112407E+00
    2.7900000E+00    6.2898823E+00   -6.2778179E+00   -3.9999999E+00   -4.0016732E+00   -4.1617981E+00   -4.1793560E+00   -9.2639961E+00   -3.7919249E+00   -3.0745106E+00   -3.4645785E+00   -6.4487109E+00   -7.7967011E+00   -1.5759528E+01   -1.4000000E+01   -1.4000001E+01   -4.2994349E+00   -1.4000000E+01   -3.0052329E+00   -3.0000000E+01   -3.2154834E+00   -8.1766100E+00   -8.5745442E+00   -8.3920143E+00   -1.1043768E+01   -1.1718319E+01   -1.9696605E+01   -2.8181532E+01   -8.1628753E+00   -7.3507995E+00   -1.0383242E+01   -1.2978607E+01   -8.3416953E+00   -1.0731594E+01   -6.9743861E+00
    2.9700000E+00    6.3083522E+00   -6.2960692E+00   -3.9999999E+00   -3.9806781E+00   -4.1384005E+00   -4.1824902E+00   -9.3492302E+00   -3.7762020E+00   -3.0796788E+00   -3.4646085E+00   -6.4487131E+00   -7.8350719E+00   -1.5812968E+01   -1.4000000E+01   -1.4000001E+01   -4.2692172E+00   -1.4000000E+01   -2.9683066E+00   -3.0000000E+01   -3.2019418E+00   -8.2266427E+00   -8.5876371E+00   -8.4598101E+00   -1.1064353E+01   -1.1754321E+01   -1.9736852E+01   -2.8237662E+01   -8.1441662E+00   -7.3180812E+00   -1.0390762E+01   -1.3002011E+01   -8.3674456E+00   -1.0678824E+01   -6.9403265E+00
    3.1500000E+00    6.3260554E+00   -6.3135633E+00   -3.9999999E+00   -3.9614034E+00   -4.1165748E+00   -4.1856915E+00   -9.4297433E+00   -3.7623234E+00   -3.0847908E+00   -3.4646386E+00   -6.4487152E+00   -7.8715442E+00   -1.5864192E+01   -1.4000000E+01   -1.4000001E+01   -4.2414854E+00   -1.4000000E+01   -2.9342753E+00   -3.0000000E+01   -3.1891207E+00   -8.2734125E+00   -8.5990004E+00   -8.5236058E+00   -1.1083777E+01   -1.1788827E+01   -1.9775121E+01   -2.8291461E+01   -8.1262338E+00   -7.2868797E+00   -1.0397822E+01   -1.3024600E+01   -8.3919788E+00   -1.0629252E+01   -6.9086878E+00
    3.3300000E+00    6.3430673E+00   -6.3303747E+00   -3.9999999E+00   -3.9436145E+00   -4.0961323E+00   -4.1889473E+00   -9.5060573E+00   -3.7500266E+00   -3.0898511E+00   -3.4646686E+00   -6.4487173E+00   -7.9063810E+00   -1.5913418E+01   -1.4000000E+01   -1.4000000E+01   -4.2158765E+00   -1.4000000E+01   -2.9027179E+00   -3.0000000E+01   -3.1769484E+00   -8.3172972E+00   -8.6088614E+00   -8.5838523E+00   -1.1102230E+01   -1.1821986E+01   -1.9811682E+01   -2.8343158E+01   -8.1090018E+00   -7.2570454E+00   -1.0404542E+01   -1.3046456E+01   -8.4154897E+00   -1.0582497E+01   -6.8791655E+00
    3.5100000E+00    6.3594526E+00   -6.3465674E+00   -3.9999999E+00   -3.9271205E+00   -4.0769160E+00   -4.1922468E+00   -9.5786106E+00   -3.7390993E+00   -3.0948641E+00   -3.4646987E+00   -6.4487193E+00   -7.9397774E+00   -1.5960836E+01   -1.4000000E+01   -1.4000000E+01   -4.1921007E+00   -1.4000000E+01   -2.8732990E+00   -3.0000000E+01   -3.1653636E+00   -8.3586115E+00   -8.6174050E+00   -8.6409265E+00   -1.1119845E+01   -1.1853925E+01   -1.9846738E+01   -2.8392950E+01   -8.0924047E+00   -7.2284498E+00   -1.0410994E+01   -1.3067645E+01   -8.4381152E+00   -1.0538243E+01   -6.8515090E+00
    3.6900000E+00    6.3752677E+00   -6.3621970E+00   -3.9999999E+00   -3.9117642E+00   -4.0587940E+00   -4.1955808E+00   -9.6477754E+00   -3.7293675E+00   -3.0998334E+00   -3.4647288E+00   -6.4487213E+00   -7.9718889E+00   -1.6006607E+01   -1.4000000E+01   -1.4000000E+01   -4.1699232E+00   -1.4000000E+01   -2.8457471E+00   -3.0000000E+01   -3.1543131E+00   -8.3976205E+00   -8.6247839E+00   -8.6951478E+00   -1.1136723E+01   -1.1884753E+01   -1.9880448E+01   -2.8441007E+01   -8.0763855E+00   -7.2009815E+00   -1.0417229E+01   -1.3088227E+01   -8.4599603E+00   -1.0496224E+01   -6.8255094E+00
    3.8700000E+00    6.3905614E+00   -6.3773119E+00   -3.9999999E+00   -3.8974146E+00   -4.0416543E+00   -4.1989412E+00   -9.7138708E+00   -3.7206875E+00   -3.1047625E+00   -3.4647589E+00   -6.4487233E+00   -8.0028439E+00   -1.6050874E+01   -1.4000000E+01   -1.4000000E+01   -4.1491509E+00   -1.4000000E+01   -2.8198392E+00   -3.0000000E+01   -3.1437507E+00   -8.4345497E+00   -8.6311256E+00   -8.7467890E+00   -1.1152946E+01   -1.1914565E+01   -1.9912946E+01   -2.8487480E+01   -8.0608946E+00   -7.1745437E+00   -1.0423283E+01   -1.3108254E+01   -8.4811095E+00   -1.0456213E+01   -6.8009904E+00
    4.0500000E+00    6.4053768E+00   -6.3919547E+00   -3.9999999E+00   -3.8839613E+00   -4.0254011E+00   -4.2023215E+00   -9.7771727E+00   -3.7129385E+00   -3.1096545E+00   -3.4647889E+00   -6.4487252E+00   -8.0327511E+00   -1.6093761E+01   -1.4000000E+01   -1.4000000E+01   -4.1296235E+00   -1.4000000E+01   -2.7953902E+00   -3.0000000E+01   -3.1336361E+00   -8.4695930E+00   -8.6365381E+00   -8.7960853E+00   -1.1168580E+01   -1.1943447E+01   -1.9944345E+01   -2.8532497E+01   -8.0458887E+00   -7.1490512E+00   -1.0429182E+01   -1.3127772E+01   -8.5016333E+00   -1.0418019E+01   -6.7778026E+00
    4.2300000E+00    6.4197518E+00   -6.4061628E+00   -3.9999999E+00   -3.8713109E+00   -4.0099518E+00   -4.2057158E+00   -9.8379211E+00   -3.7060189E+00   -3.1145121E+00   -3.4648191E+00   -6.4487271E+00   -8.0617038E+00   -1.6135378E+01   -1.4000000E+01   -1.4000000E+01   -4.1112062E+00   -1.4000000E+01   -2.7722445E+00   -3.0000000E+01   -3.1239336E+00   -8.5029182E+00   -8.6411133E+00   -8.8432411E+00   -1.1183682E+01   -1.1971471E+01   -1.9974741E+01   -2.8576175E+01   -8.0313291E+00   -7.1244293E+00   -1.0434950E+01   -1.3146822E+01   -8.5215910E+00   -1.0381474E+01   -6.7558176E+00
    4.4100000E+00    6.4337201E+00   -6.4199694E+00   -3.9999999E+00   -3.8593832E+00   -3.9952349E+00   -4.2091192E+00   -9.8963267E+00   -3.6998419E+00   -3.1193380E+00   -3.4648492E+00   -6.4487290E+00   -8.0897827E+00   -1.6175823E+01   -1.4000000E+01   -1.4000000E+01   -4.0937849E+00   -1.4000000E+01   -2.7502700E+00   -3.0000000E+01   -3.1146117E+00   -8.5346719E+00   -8.6449305E+00   -8.8884353E+00   -1.1198301E+01   -1.1998704E+01   -2.0004220E+01   -2.8618616E+01   -8.0171820E+00   -7.1006115E+00   -1.0440604E+01   -1.3165438E+01   -8.5410336E+00   -1.0346433E+01   -6.7349247E+00
    4.5900000E+00    6.4473115E+00   -6.4334042E+00   -3.9999999E+00   -3.8481093E+00   -3.9811876E+00   -4.2125274E+00   -9.9525750E+00   -3.6943332E+00   -3.1241344E+00   -3.4648793E+00   -6.4487308E+00   -8.1170584E+00   -1.6215181E+01   -1.4000000E+01   -1.4000000E+01   -4.0772620E+00   -1.4000000E+01   -2.7293541E+00   -3.0000000E+01   -3.1056425E+00   -8.5649825E+00   -8.6480583E+00   -8.9318253E+00   -1.1212479E+01   -1.2025204E+01   -2.0032853E+01   -2.8659910E+01   -8.0034170E+00   -7.0775389E+00   -1.0446158E+01   -1.3183653E+01   -8.5600050E+00   -1.0312771E+01   -6.7150277E+00
    4.7700000E+00    6.4605528E+00   -6.4464935E+00   -3.9999999E+00   -3.8374292E+00   -3.9677552E+00   -4.2159369E+00   -1.0006831E+01   -3.6894284E+00   -3.1289033E+00   -3.4649095E+00   -6.4487326E+00   -8.1435930E+00   -1.6253531E+01   -1.4000000E+01   -1.4000000E+01   -4.0615535E+00   -1.4000000E+01   -2.7093993E+00   -3.0000000E+01   -3.0970009E+00   -8.5939636E+00   -8.6505568E+00   -8.9735504E+00   -1.1226251E+01   -1.2051024E+01   -2.0060706E+01   -2.8700138E+01   -7.9900071E+00   -7.0551587E+00   -1.0451625E+01   -1.3201495E+01   -8.5785438E+00   -1.0280375E+01   -6.6960424E+00
    4.9500000E+00    6.4734680E+00   -6.4592611E+00   -3.9999999E+00   -3.8272908E+00   -3.9548890E+00   -4.2193444E+00   -1.0059240E+01   -3.6850717E+00   -3.1336469E+00   -3.4649397E+00   -6.4487344E+00   -8.1694415E+00   -1.6290942E+01   -1.4000000E+01   -1.4000000E+01   -4.0465864E+00   -1.4000000E+01   -2.6903212E+00   -3.0000000E+01   -3.0886646E+00   -8.6217160E+00   -8.6524787E+00   -9.0137345E+00   -1.1239649E+01   -1.2076209E+01   -2.0087837E+01   -2.8739375E+01   -7.9769278E+00   -7.0334236E+00   -1.0457014E+01   -1.3218990E+01   -8.5966835E+00   -1.0249147E+01   -6.6778947E+00
    5.1300000E+00    6.4860789E+00   -6.4717284E+00   -3.9999999E+00   -3.8176482E+00   -3.9425460E+00   -4.2227472E+00   -1.0109935E+01   -3.6812142E+00   -3.1383667E+00   -3.4649699E+00   -6.4487361E+00   -8.1946526E+00   -1.6327477E+01   -1.4000000E+01   -1.4000000E+01   -4.0322973E+00   -1.4000000E+01   -2.6720460E+00   -3.0000000E+01   -3.0806133E+00   -8.6483296E+00   -8.6538705E+00   -9.0524884E+00   -1.1252702E+01   -1.2100803E+01   -2.0114295E+01   -2.8777685E+01   -7.9641573E+00   -7.0122909E+00   -1.0462334E+01   -1.3236162E+01   -8.6144540E+00   -1.0219000E+01   -6.6605191E+00
    5.3100000E+00    6.4984049E+00   -6.4839147E+00   -3.9999999E+00   -3.8084609E+00   -3.9306878E+00   -4.2261432E+00   -1.0159032E+01   -3.6778128E+00   -3.1430645E+00   -3.4650002E+00   -6.4487379E+00   -8.2192702E+00   -1.6363192E+01   -1.4000000E+01   -1.4000000E+01   -4.0186302E+00   -1.4000000E+01   -2.6545088E+00   -3.0000000E+01   -3.0728290E+00   -8.6738850E+00   -8.6547739E+00   -9.0899115E+00   -1.1265434E+01   -1.2124844E+01   -2.0140128E+01   -2.8815129E+01   -7.9516757E+00   -6.9917221E+00   -1.0467591E+01   -1.3253030E+01   -8.6318818E+00   -1.0189857E+01   -6.6438575E+00
    5.4900000E+00    6.5104639E+00   -6.4958376E+00   -3.9999999E+00   -3.7996932E+00   -3.9192801E+00   -4.2295302E+00   -1.0206639E+01   -3.6748296E+00   -3.1477416E+00   -3.4650304E+00   -6.4487396E+00   -8.2433336E+00   -1.6398138E+01   -1.4000000E+01   -1.4000000E+01   -4.0055360E+00   -1.4000000E+01   -2.6376523E+00   -3.0000000E+01   -3.0652949E+00   -8.6984546E+00   -8.6552256E+00   -9.1260934E+00   -1.1277868E+01   -1.2148366E+01   -2.0165376E+01   -2.8851759E+01   -7.9394651E+00   -6.9716823E+00   -1.0472793E+01   -1.3269615E+01   -8.6489905E+00   -1.0161646E+01   -6.6278580E+00
    5.6700000E+00    6.5222719E+00   -6.5075130E+00   -3.9999999E+00   -3.7913130E+00   -3.9082920E+00   -4.2329066E+00   -1.0252851E+01   -3.6722309E+00   -3.1523994E+00   -3.4650607E+00   -6.4487413E+00   -8.2668780E+00   -1.6432363E+01   -1.4000000E+01   -1.4000000E+01   -3.9929710E+00   -1.4000000E+01   -2.6214257E+00   -3.0000000E+01   -3.0579962E+00   -8.7221039E+00   -8.6552588E+00   -9.1611148E+00   -1.1290023E+01   -1.2171400E+01   -2.0190075E+01   -2.8887625E+01   -7.9275092E+00   -6.9521398E+00   -1.0477945E+01   -1.3285933E+01   -8.6658013E+00   -1.0134306E+01   -6.6124741E+00
    5.8500000E+00    6.5338437E+00   -6.5189554E+00   -3.9999999E+00   -3.7832920E+00   -3.8976958E+00   -4.2362709E+00   -1.0297755E+01   -3.6699865E+00   -3.1570391E+00   -3.4650911E+00   -6.4487430E+00   -8.2899356E+00   -1.6465908E+01   -1.4000000E+01   -1.4000000E+01   -3.9808963E+00   -1.4000000E+01   -2.6057836E+00   -3.0000000E+01   -3.0509192E+00   -8.7448921E+00   -8.6549035E+00   -9.1950493E+00   -1.1301917E+01   -1.2193976E+01   -2.0214261E+01   -2.8922772E+01   -7.9157930E+00   -6.9330655E+00   -1.0483050E+01   -1.3302000E+01   -8.6823333E+00   -1.0107779E+01   -6.5976639E+00
    6.0300000E+00    6.5451926E+00   -6.5301781E+00   -3.9999999E+00   -3.7756044E+00   -3.8874662E+00   -4.2396219E+00   -1.0341431E+01   -3.6680696E+00   -3.1616617E+00   -3.4651214E+00   -6.4487446E+00   -8.3125353E+00   -1.6498813E+01   -1.4000000E+01   -1.4000000E+01   -3.9692771E+00   -1.4000000E+01   -2.5906852E+00   -3.0000000E+01   -3.0440513E+00   -8.7668730E+00   -8.6541866E+00   -9.2279635E+00   -1.1313567E+01   -1.2216119E+01   -2.0237962E+01   -2.8957241E+01   -7.9043030E+00   -6.9144331E+00   -1.0488113E+01   -1.3317830E+01   -8.6986036E+00   -1.0082014E+01   -6.5833898E+00
    6.2100000E+00    6.5563309E+00   -6.5411931E+00   -3.9999999E+00   -3.7682273E+00   -3.8775804E+00   -4.2429584E+00   -1.0383951E+01   -3.6664560E+00   -3.1662683E+00   -3.4651518E+00   -6.4487463E+00   -8.3347035E+00   -1.6531113E+01   -1.4000000E+01   -1.4000000E+01   -3.9580822E+00   -1.4000000E+01   -2.5760942E+00   -3.0000000E+01   -3.0373810E+00   -8.7880956E+00   -8.6531325E+00   -9.2599183E+00   -1.1324986E+01   -1.2237854E+01   -2.0261207E+01   -2.8991068E+01   -7.8930267E+00   -6.8962184E+00   -1.0493137E+01   -1.3333437E+01   -8.7146279E+00   -1.0056965E+01   -6.5696174E+00
    6.3900000E+00    6.5672699E+00   -6.5520117E+00   -3.9999999E+00   -3.7611399E+00   -3.8680176E+00   -4.2462796E+00   -1.0425381E+01   -3.6651239E+00   -3.1708596E+00   -3.4651822E+00   -6.4487479E+00   -8.3564644E+00   -1.6562840E+01   -1.4000000E+01   -1.4000000E+01   -3.9472834E+00   -1.4000000E+01   -2.5619774E+00   -3.0000000E+01   -3.0308978E+00   -8.8086046E+00   -8.6517636E+00   -9.2909691E+00   -1.1336189E+01   -1.2259201E+01   -2.0284020E+01   -2.9024289E+01   -7.8819528E+00   -6.8783990E+00   -1.0498126E+01   -1.3348832E+01   -8.7304201E+00   -1.0032589E+01   -6.5563158E+00
    6.5700000E+00    6.5780199E+00   -6.5626438E+00   -3.9999999E+00   -3.7543233E+00   -3.8587588E+00   -4.2495847E+00   -1.0465782E+01   -3.6640536E+00   -3.1754363E+00   -3.4652127E+00   -6.4487495E+00   -8.3778397E+00   -1.6594024E+01   -1.4000000E+01   -1.4000000E+01   -3.9368553E+00   -1.4000000E+01   -2.5483050E+00   -3.0000000E+01   -3.0245921E+00   -8.8284411E+00   -8.6501002E+00   -9.3211668E+00   -1.1347187E+01   -1.2280182E+01   -2.0306426E+01   -2.9056933E+01   -7.8710708E+00   -6.8609546E+00   -1.0503082E+01   -1.3364027E+01   -8.7459930E+00   -1.0008847E+01   -6.5434566E+00
    6.7500000E+00    6.5885902E+00   -6.5730989E+00   -3.9999999E+00   -3.7477603E+00   -3.8497867E+00   -4.2528731E+00   -1.0505208E+01   -3.6632270E+00   -3.1799992E+00   -3.4652432E+00   -6.4487511E+00   -8.3988496E+00   -1.6624692E+01   -1.4000000E+01   -1.4000000E+01   -3.9267748E+00   -1.4000000E+01   -2.5350500E+00   -3.0000000E+01   -3.0184547E+00   -8.8476425E+00   -8.6481609E+00   -9.3505580E+00   -1.1357992E+01   -1.2300815E+01   -2.0328444E+01   -2.9089030E+01   -7.8603712E+00   -6.8438663E+00   -1.0508006E+01   -1.3379031E+01   -8.7613582E+00   -9.9857043E+00   -6.5310140E+00
    6.9300000E+00    6.5989896E+00   -6.5833856E+00   -3.9999999E+00   -3.7414354E+00   -3.8410853E+00   -4.2561442E+00   -1.0543712E+01   -3.6626280E+00   -3.1845485E+00   -3.4652737E+00   -6.4487527E+00   -8.4195124E+00   -1.6654870E+01   -1.4000000E+01   -1.4000000E+01   -3.9170209E+00   -1.4000000E+01   -2.5221875E+00   -3.0000000E+01   -3.0124775E+00   -8.8662432E+00   -8.6459628E+00   -9.3791854E+00   -1.1368612E+01   -1.2321116E+01   -2.0350095E+01   -2.9120607E+01   -7.8498451E+00   -6.8271169E+00   -1.0512902E+01   -1.3393853E+01   -8.7765261E+00   -9.9631280E+00   -6.5189643E+00
    7.1100000E+00    6.6092260E+00   -6.5935115E+00   -3.9999999E+00   -3.7353342E+00   -3.8326399E+00   -4.2593975E+00   -1.0581340E+01   -3.6622417E+00   -3.1890847E+00   -3.4653043E+00   -6.4487542E+00   -8.4398447E+00   -1.6684580E+01   -1.4000000E+01   -1.4000000E+01   -3.9075743E+00   -1.4000000E+01   -2.5096950E+00   -3.0000000E+01   -3.0066526E+00   -8.8842750E+00   -8.6435217E+00   -9.4070884E+00   -1.1379058E+01   -1.2341101E+01   -2.0371395E+01   -2.9151687E+01   -7.8394846E+00   -6.8106904E+00   -1.0517770E+01   -1.3408501E+01   -8.7915061E+00   -9.9410883E+00   -6.5072857E+00
    7.2900000E+00    6.6193067E+00   -6.6034840E+00   -3.9999999E+00   -3.7294438E+00   -3.8244371E+00   -4.2626327E+00   -1.0618134E+01   -3.6620544E+00   -3.1936079E+00   -3.4653349E+00   -6.4487558E+00   -8.4598617E+00   -1.6713842E+01   -1.4000000E+01   -1.4000000E+01   -3.8984176E+00   -1.4000000E+01   -2.4975518E+00   -3.0000000E+01   -3.0009729E+00   -8.9017668E+00   -8.6408523E+00   -9.4343028E+00   -1.1389337E+01   -1.2360784E+01   -2.0392360E+01   -2.9182293E+01   -7.8292822E+00   -6.7945720E+00   -1.0522612E+01   -1.3422983E+01   -8.8063068E+00   -9.9195579E+00   -6.4959582E+00
    7.4700000E+00    6.6292382E+00   -6.6133095E+00   -3.9999999E+00   -3.7237519E+00   -3.8164642E+00   -4.2658495E+00   -1.0654134E+01   -3.6620536E+00   -3.1981183E+00   -3.4653655E+00   -6.4487573E+00   -8.4795774E+00   -1.6742677E+01   -1.4000000E+01   -1.4000000E+01   -3.8895346E+00   -1.4000000E+01   -2.4857389E+00   -3.0000000E+01   -2.9954319E+00   -8.9187456E+00   -8.6379679E+00   -9.4608619E+00   -1.1399458E+01   -1.2380178E+01   -2.0413007E+01   -2.9212444E+01   -7.8192313E+00   -6.7787482E+00   -1.0527430E+01   -1.3437305E+01   -8.8209357E+00   -9.8985115E+00   -6.4849633E+00
    7.6500000E+00    6.6390267E+00   -6.6229940E+00   -3.9999999E+00   -3.7182477E+00   -3.8087098E+00   -4.2690476E+00   -1.0689375E+01   -3.6622278E+00   -3.2026156E+00   -3.4653962E+00   -6.4487589E+00   -8.4990044E+00   -1.6771101E+01   -1.4000000E+01   -1.4000000E+01   -3.8809105E+00   -1.4000000E+01   -2.4742387E+00   -3.0000000E+01   -2.9900231E+00   -8.9352358E+00   -8.6348813E+00   -9.4867960E+00   -1.1409426E+01   -1.2399295E+01   -2.0433347E+01   -2.9242159E+01   -7.8093257E+00   -6.7632064E+00   -1.0532223E+01   -1.3451474E+01   -8.8353996E+00   -9.8779260E+00   -6.4742838E+00
    7.8300000E+00    6.6486775E+00   -6.6325428E+00   -3.9999999E+00   -3.7129208E+00   -3.8011631E+00   -4.2722269E+00   -1.0723891E+01   -3.6625664E+00   -3.2070997E+00   -3.4654270E+00   -6.4487604E+00   -8.5181540E+00   -1.6799130E+01   -1.4000000E+01   -1.4000000E+01   -3.8725317E+00   -1.4000000E+01   -2.4630353E+00   -3.0000000E+01   -2.9847409E+00   -8.9512602E+00   -8.6316040E+00   -9.5121329E+00   -1.1419248E+01   -1.2418145E+01   -2.0453392E+01   -2.9271455E+01   -7.7995599E+00   -6.7479352E+00   -1.0536992E+01   -1.3465493E+01   -8.8497043E+00   -9.8577798E+00   -6.4639040E+00
    8.0100000E+00    6.6581955E+00   -6.6419607E+00   -3.9999999E+00   -3.7077619E+00   -3.7938150E+00   -4.2753779E+00   -1.0757710E+01   -3.6630622E+00   -3.2115701E+00   -3.4654577E+00   -6.4487619E+00   -8.5370364E+00   -1.6826778E+01   -1.4000000E+01   -1.4000000E+01   -3.8643863E+00   -1.4000000E+01   -2.4521243E+00   -3.0000000E+01   -2.9795798E+00   -8.9668375E+00   -8.6281453E+00   -9.5368961E+00   -1.1428930E+01   -1.2436737E+01   -2.0473155E+01   -2.9300347E+01   -7.7899289E+00   -6.7329240E+00   -1.0541738E+01   -1.3479368E+01   -8.8638548E+00   -9.8380535E+00   -6.4538091E+00
    8.1900000E+00    6.6675899E+00   -6.6512600E+00   -3.9999999E+00   -3.7027879E+00   -3.7874131E+00   -4.2693215E+00   -1.0788874E+01   -3.6663510E+00   -3.2160277E+00   -3.4654885E+00   -6.4487633E+00   -8.5554386E+00   -1.6854101E+01   -1.4000000E+01   -1.4000000E+01   -3.8573136E+00   -1.4000000E+01   -2.4519386E+00   -3.0000000E+01   -2.9745351E+00   -8.9799677E+00   -8.6224867E+00   -9.5591049E+00   -1.1438240E+01   -1.2455105E+01   -2.0492394E+01   -2.9328851E+01   -7.7804270E+00   -6.7181690E+00   -1.0546217E+01   -1.3493113E+01   -8.8776206E+00   -9.8187465E+00   -6.4440045E+00
    8.3700000E+00    6.6768613E+00   -6.6604380E+00   -3.9999999E+00   -3.6979629E+00   -3.7811653E+00   -4.2634462E+00   -1.0819452E+01   -3.6697187E+00   -3.2204721E+00   -3.4655193E+00   -6.4487647E+00   -8.5738140E+00   -1.6881069E+01   -1.4000000E+01   -1.4000000E+01   -3.8504019E+00   -1.4000000E+01   -2.4517529E+00   -3.0000000E+01   -2.9696020E+00   -8.9927446E+00   -8.6167208E+00   -9.5808428E+00   -1.1447641E+01   -1.2473233E+01   -2.0511591E+01   -2.9356980E+01   -7.7710500E+00   -6.7036540E+00   -1.0550895E+01   -1.3506723E+01   -8.8914639E+00   -9.7998214E+00   -6.4344568E+00
    8.5500000E+00    6.6860116E+00   -6.6694965E+00   -3.9999999E+00   -3.6932797E+00   -3.7750671E+00   -4.2577243E+00   -1.0849464E+01   -3.6731594E+00   -3.2249006E+00   -3.4655501E+00   -6.4487661E+00   -8.5919629E+00   -1.6907689E+01   -1.4000000E+01   -1.4000000E+01   -3.8436450E+00   -1.4000000E+01   -2.4515674E+00   -3.0000000E+01   -2.9647759E+00   -9.0051843E+00   -8.6108599E+00   -9.6021276E+00   -1.1456931E+01   -1.2491126E+01   -2.0530548E+01   -2.9384741E+01   -7.7617959E+00   -6.6893725E+00   -1.0555566E+01   -1.3520197E+01   -8.9051810E+00   -9.7812644E+00   -6.4251544E+00
    8.7300000E+00    6.6950437E+00   -6.6784384E+00   -3.9999999E+00   -3.6887313E+00   -3.7691153E+00   -4.2521413E+00   -1.0878928E+01   -3.6766678E+00   -3.2293119E+00   -3.4655810E+00   -6.4487676E+00   -8.6098762E+00   -1.6933968E+01   -1.4000000E+01   -1.4000000E+01   -3.8370341E+00   -1.4000000E+01   -2.4513819E+00   -3.0000000E+01   -2.9600526E+00   -9.0173006E+00   -8.6049120E+00   -9.6229759E+00   -1.1466099E+01   -1.2508789E+01   -2.0549257E+01   -2.9412142E+01   -7.7526617E+00   -6.6753170E+00   -1.0560214E+01   -1.3533538E+01   -8.9187586E+00   -9.7630615E+00   -6.4160861E+00
    8.9100000E+00    6.7039600E+00   -6.6872660E+00   -3.9999999E+00   -3.6843112E+00   -3.7633109E+00   -4.2466877E+00   -1.0907862E+01   -3.6802391E+00   -3.2337045E+00   -3.4656120E+00   -6.4487689E+00   -8.6275574E+00   -1.6959914E+01   -1.4000000E+01   -1.4000000E+01   -3.8305558E+00   -1.4000000E+01   -2.4511965E+00   -3.0000000E+01   -2.9554280E+00   -9.0291056E+00   -8.5988845E+00   -9.6434020E+00   -1.1475146E+01   -1.2526227E+01   -2.0567720E+01   -2.9439191E+01   -7.7436450E+00   -6.6614809E+00   -1.0564837E+01   -1.3546746E+01   -8.9321965E+00   -9.7451999E+00   -6.4072417E+00
    9.0900000E+00    6.7127622E+00   -6.6959810E+00   -3.9999999E+00   -3.6800136E+00   -3.7576614E+00   -4.2413559E+00   -1.0936279E+01   -3.6838683E+00   -3.2380763E+00   -3.4656429E+00   -6.4487703E+00   -8.6450104E+00   -1.6985530E+01   -1.4000000E+01   -1.4000000E+01   -3.8241892E+00   -1.4000000E+01   -2.4510112E+00   -3.0000000E+01   -2.9508983E+00   -9.0406105E+00   -8.5927849E+00   -9.6634185E+00   -1.1484074E+01   -1.2543444E+01   -2.0585942E+01   -2.9465893E+01   -7.7347440E+00   -6.6478586E+00   -1.0569433E+01   -1.3559821E+01   -8.9454949E+00   -9.7276682E+00   -6.3986115E+00
    9.2700000E+00    6.7214514E+00   -6.7045844E+00   -3.9999999E+00   -3.6758328E+00   -3.7521825E+00   -4.2361392E+00   -1.0964191E+01   -3.6875512E+00   -3.2424250E+00   -3.4656740E+00   -6.4487717E+00   -8.6622376E+00   -1.7010821E+01   -1.4000000E+01   -1.4000000E+01   -3.8179045E+00   -1.4000000E+01   -2.4508259E+00   -3.0000000E+01   -2.9464599E+00   -9.0518255E+00   -8.5866214E+00   -9.6830369E+00   -1.1492885E+01   -1.2560440E+01   -2.0603927E+01   -2.9492251E+01   -7.7259574E+00   -6.6344450E+00   -1.0573999E+01   -1.3572762E+01   -8.9586527E+00   -9.7104558E+00   -6.3901862E+00
    9.4500000E+00    6.7300283E+00   -6.7130769E+00   -3.9999999E+00   -3.6717634E+00   -3.7468983E+00   -4.2310317E+00   -1.0991610E+01   -3.6912833E+00   -3.2467476E+00   -3.4657050E+00   -6.4487731E+00   -8.6792401E+00   -1.7035787E+01   -1.4000000E+01   -1.4000000E+01   -3.8116633E+00   -1.4000000E+01   -2.4506408E+00   -3.0000000E+01   -2.9421094E+00   -9.0627605E+00   -8.5804025E+00   -9.7022673E+00   -1.1501579E+01   -1.2577218E+01   -2.0621675E+01   -2.9518268E+01   -7.7172847E+00   -6.6212360E+00   -1.0578534E+01   -1.3585565E+01   -8.9716681E+00   -9.6935537E+00   -6.3819572E+00
    9.6300000E+00    6.7384927E+00   -6.7214582E+00   -3.9999999E+00   -3.6678004E+00   -3.7418384E+00   -4.2260273E+00   -1.1018543E+01   -3.6950607E+00   -3.2510408E+00   -3.4657362E+00   -6.4487744E+00   -8.6960178E+00   -1.7060428E+01   -1.4000000E+01   -1.4000000E+01   -3.8054217E+00   -1.4000000E+01   -2.4504557E+00   -3.0000000E+01   -2.9378435E+00   -9.0734241E+00   -8.5741375E+00   -9.7211181E+00   -1.1510157E+01   -1.2593776E+01   -2.0639186E+01   -2.9543943E+01   -7.7087260E+00   -6.6082286E+00   -1.0583034E+01   -1.3598228E+01   -8.9845376E+00   -9.6769536E+00   -6.3739163E+00
    9.8100000E+00    6.7468435E+00   -6.7297272E+00   -3.9999999E+00   -3.6639390E+00   -3.7370326E+00   -4.2211207E+00   -1.1044995E+01   -3.6988796E+00   -3.2553007E+00   -3.4657673E+00   -6.4487758E+00   -8.7125688E+00   -1.7084739E+01   -1.4000000E+01   -1.4000000E+01   -3.7991365E+00   -1.4000000E+01   -2.4502707E+00   -3.0000000E+01   -2.9336591E+00   -9.0838237E+00   -8.5678354E+00   -9.7395954E+00   -1.1518618E+01   -1.2610113E+01   -2.0656461E+01   -2.9569273E+01   -7.7002822E+00   -6.5954203E+00   -1.0587495E+01   -1.3610745E+01   -8.9972566E+00   -9.6606489E+00   -6.3660558E+00
    9.9900000E+00    6.7550791E+00   -6.7378822E+00   -3.9999999E+00   -3.6601748E+00   -3.7325053E+00   -4.2163069E+00   -1.1070967E+01   -3.7027362E+00   -3.2595225E+00   -3.4657985E+00   -6.4487771E+00   -8.7288899E+00   -1.7108716E+01   -1.4000000E+01   -1.4000000E+01   -3.7927722E+00   -1.4000000E+01   -2.4500858E+00   -3.0000000E+01   -2.9295533E+00   -9.0939642E+00   -8.5615048E+00   -9.7577025E+00   -1.1526960E+01   -1.2626225E+01   -2.0673494E+01   -2.9594253E+01   -7.6919550E+00   -6.5828099E+00   -1.0591914E+01   -1.3623111E+01   -9.0098189E+00   -9.6446338E+00   -6.3583683E+00
    1.0170000E+01    6.7631967E+00   -6.7459205E+00   -3.9999999E+00   -3.6565035E+00   -3.7282687E+00   -4.2115811E+00   -1.1096456E+01   -3.7066270E+00   -3.2637007E+00   -3.4658298E+00   -6.4487785E+00   -8.7449757E+00   -1.7132350E+01   -1.4000000E+01   -1.4000000E+01   -3.7863087E+00   -1.4000000E+01   -2.4499010E+00   -3.0000000E+01   -2.9255232E+00   -9.1038480E+00   -8.5551533E+00   -9.7754388E+00   -1.1535181E+01   -1.2642106E+01   -2.0690282E+01   -2.9618875E+01   -7.6837471E+00   -6.5703970E+00   -1.0596285E+01   -1.3635316E+01   -9.0222165E+00   -9.6289040E+00   -6.3508468E+00
    1.0350000E+01    6.7711927E+00   -6.7538383E+00   -3.9999999E+00   -3.6529210E+00   -3.7243186E+00   -4.2069395E+00   -1.1121454E+01   -3.7105485E+00   -3.2678291E+00   -3.4658611E+00   -6.4487798E+00   -8.7608189E+00   -1.7155630E+01   -1.4000000E+01   -1.4000000E+01   -3.7797453E+00   -1.4000000E+01   -2.4497162E+00   -3.0000000E+01   -2.9215661E+00   -9.1134737E+00   -8.5487870E+00   -9.7927991E+00   -1.1543277E+01   -1.2657749E+01   -2.0706817E+01   -2.9643129E+01   -7.6756621E+00   -6.5581826E+00   -1.0600601E+01   -1.3647351E+01   -9.0344398E+00   -9.6134563E+00   -6.3434847E+00
    1.0530000E+01    6.7790623E+00   -6.7616309E+00   -3.9999999E+00   -3.6494235E+00   -3.7206332E+00   -4.2023783E+00   -1.1145944E+01   -3.7144974E+00   -3.2719002E+00   -3.4658925E+00   -6.4487811E+00   -8.7764101E+00   -1.7178541E+01   -1.4000000E+01   -1.4000000E+01   -3.7731024E+00   -1.4000000E+01   -2.4495316E+00   -3.0000000E+01   -2.9176794E+00   -9.1228362E+00   -8.5424104E+00   -9.8097735E+00   -1.1551244E+01   -1.2673144E+01   -2.0723091E+01   -2.9667000E+01   -7.6677047E+00   -6.5461686E+00   -1.0604857E+01   -1.3659204E+01   -9.0464766E+00   -9.5982893E+00   -6.3362754E+00
    1.0710000E+01    6.7867994E+00   -6.7692920E+00   -3.9999999E+00   -3.6460073E+00   -3.7171741E+00   -4.1978946E+00   -1.1169906E+01   -3.7184702E+00   -3.2759055E+00   -3.4659239E+00   -6.4487825E+00   -8.7917372E+00   -1.7201064E+01   -1.4000000E+01   -1.4000000E+01   -3.7664189E+00   -1.4000000E+01   -2.4493470E+00   -3.0000000E+01   -2.9138606E+00   -9.1319269E+00   -8.5360269E+00   -9.8263471E+00   -1.1559076E+01   -1.2688278E+01   -2.0739091E+01   -2.9690469E+01   -7.6598811E+00   -6.5343586E+00   -1.0609043E+01   -1.3670859E+01   -9.0583127E+00   -9.5834028E+00   -6.3292130E+00
    1.0890000E+01    6.7943965E+00   -6.7768142E+00   -3.9999999E+00   -3.6426689E+00   -3.7138909E+00   -4.1934854E+00   -1.1193313E+01   -3.7224637E+00   -3.2798351E+00   -3.4659553E+00   -6.4487838E+00   -8.8067854E+00   -1.7223177E+01   -1.4000000E+01   -1.4000000E+01   -3.7597465E+00   -1.4000000E+01   -2.4491625E+00   -3.0000000E+01   -2.9101073E+00   -9.1407334E+00   -8.5296393E+00   -9.8425000E+00   -1.1566766E+01   -1.2703137E+01   -2.0754803E+01   -2.9713516E+01   -7.6521985E+00   -6.5227574E+00   -1.0613150E+01   -1.3682300E+01   -9.0699308E+00   -9.5687983E+00   -6.3222915E+00
    1.1070000E+01    6.8018446E+00   -6.7841884E+00   -3.9999999E+00   -3.6394049E+00   -3.7107269E+00   -4.1891476E+00   -1.1216130E+01   -3.7264746E+00   -3.2836777E+00   -3.4659868E+00   -6.4487851E+00   -8.8215366E+00   -1.7244852E+01   -1.4000000E+01   -1.4000000E+01   -3.7531428E+00   -1.4000000E+01   -2.4489780E+00   -3.0000000E+01   -2.9064171E+00   -9.1492404E+00   -8.5232500E+00   -9.8582075E+00   -1.1574305E+01   -1.2717703E+01   -2.0770210E+01   -2.9736111E+01   -7.6446662E+00   -6.5113716E+00   -1.0617166E+01   -1.3693506E+01   -9.0813107E+00   -9.5544793E+00   -6.3155052E+00
    1.1250000E+01    6.8091328E+00   -6.7914038E+00   -3.9999999E+00   -3.6362120E+00   -3.7076250E+00   -4.1848777E+00   -1.1238317E+01   -3.7304995E+00   -3.2874201E+00   -3.4660184E+00   -6.4487864E+00   -8.8359693E+00   -1.7266056E+01   -1.4000000E+01   -1.4000000E+01   -3.7466640E+00   -1.4000000E+01   -2.4487937E+00   -3.0000000E+01   -2.9027876E+00   -9.1574294E+00   -8.5168625E+00   -9.8734406E+00   -1.1581682E+01   -1.2731953E+01   -2.0785289E+01   -2.9758225E+01   -7.6372947E+00   -6.5002097E+00   -1.0621080E+01   -1.3704453E+01   -9.0924286E+00   -9.5404508E+00   -6.3088487E+00
    1.1430000E+01    6.8162484E+00   -6.7984475E+00   -3.9999999E+00   -3.6330870E+00   -3.7045337E+00   -4.1806712E+00   -1.1259828E+01   -3.7345351E+00   -3.2910474E+00   -3.4660500E+00   -6.4487877E+00   -8.8500578E+00   -1.7286751E+01   -1.4000000E+01   -1.4000000E+01   -3.7403589E+00   -1.4000000E+01   -2.4486094E+00   -3.0000000E+01   -2.8992167E+00   -9.1652796E+00   -8.5104816E+00   -9.8881653E+00   -1.1588885E+01   -1.2745862E+01   -2.0800016E+01   -2.9779817E+01   -7.6300969E+00   -6.4892820E+00   -1.0624875E+01   -1.3715113E+01   -9.1032570E+00   -9.5267205E+00   -6.3023165E+00
    1.1610000E+01    6.8231762E+00   -6.8053043E+00   -3.9999999E+00   -3.6300269E+00   -3.7014111E+00   -4.1765213E+00   -1.1280608E+01   -3.7385779E+00   -3.2945421E+00   -3.4660817E+00   -6.4487890E+00   -8.8637722E+00   -1.7306891E+01   -1.4000000E+01   -1.4000000E+01   -3.7342652E+00   -1.4000000E+01   -2.4484252E+00   -3.0000000E+01   -2.8957020E+00   -9.1727678E+00   -8.5041142E+00   -9.9023431E+00   -1.1595898E+01   -1.2759399E+01   -2.0814361E+01   -2.9800842E+01   -7.6230880E+00   -6.4786014E+00   -1.0628535E+01   -1.3725455E+01   -9.1137635E+00   -9.5132980E+00   -6.2959034E+00
    1.1790000E+01    6.8298986E+00   -6.8119567E+00   -3.9999999E+00   -3.6270284E+00   -3.6982270E+00   -4.1724186E+00   -1.1300597E+01   -3.7426244E+00   -3.2978846E+00   -3.4661134E+00   -6.4487903E+00   -8.8770773E+00   -1.7326424E+01   -1.4000000E+01   -1.3999995E+01   -3.7284077E+00   -1.4000000E+01   -2.4482411E+00   -3.0000000E+01   -2.8922415E+00   -9.1798680E+00   -8.4977694E+00   -9.9159304E+00   -1.1602704E+01   -1.2772530E+01   -2.0828284E+01   -2.9821244E+01   -7.6162854E+00   -6.4681832E+00   -1.0632041E+01   -1.3735439E+01   -9.1239111E+00   -9.5001957E+00   -6.2896041E+00
    1.1970000E+01    6.8363952E+00   -6.8183840E+00   -3.9999999E+00   -3.6240886E+00   -3.6949635E+00   -4.1683495E+00   -1.1319725E+01   -3.7466708E+00   -3.3010522E+00   -3.4661451E+00   -6.4487916E+00   -8.8899322E+00   -1.7345286E+01   -1.4000000E+01   -1.3995664E+01   -3.7227984E+00   -1.4000000E+01   -2.4480571E+00   -3.0000000E+01   -2.8888329E+00   -9.1865514E+00   -8.4914597E+00   -9.9288780E+00   -1.1609284E+01   -1.2785212E+01   -2.0837423E+01   -2.9836639E+01   -7.6097095E+00   -6.4580455E+00   -1.0635370E+01   -1.3745024E+01   -9.1336568E+00   -9.4874289E+00   -6.2834136E+00
    1.2150000E+01    6.8426423E+00   -6.8245627E+00   -3.9999999E+00   -3.6212044E+00   -3.6916144E+00   -4.1642942E+00   -1.1337911E+01   -3.7507135E+00   -3.3040191E+00   -3.4661769E+00   -6.4487928E+00   -8.9022899E+00   -1.7363407E+01   -1.4000000E+01   -1.2962292E+01   -3.7174382E+00   -1.4000000E+01   -2.4478731E+00   -3.0000000E+01   -2.8854740E+00   -9.1927864E+00   -8.4852005E+00   -9.9411304E+00   -1.1615613E+01   -1.2797400E+01   -1.9817017E+01   -2.8822242E+01   -7.6033841E+00   -6.4482097E+00   -1.0638496E+01   -1.3754159E+01   -9.1429514E+00   -9.4750161E+00   -6.2773265E+00
    1.2330000E+01    6.8486115E+00   -6.8304643E+00   -3.9999999E+00   -3.6183750E+00   -3.6881845E+00   -4.1602261E+00   -1.1355066E+01   -3.7547458E+00   -3.3067560E+00   -3.4662088E+00   -6.4487941E+00   -8.9140783E+00   -1.7380703E+01   -1.4000000E+01   -1.0009564E+01   -3.7123208E+00   -1.4000000E+01   -2.4476892E+00   -3.0000000E+01   -2.8821640E+00   -9.1985388E+00   -8.4790147E+00   -9.9526249E+00   -1.1621648E+01   -1.2809035E+01   -1.6876678E+01   -2.5887652E+01   -7.5973376E+00   -6.4387036E+00   -1.0641375E+01   -1.3762787E+01   -9.1517221E+00   -9.4629840E+00   -6.2713414E+00
    1.2510000E+01    6.8530323E+00   -6.8348415E+00   -3.9999999E+00   -3.6178851E+00   -3.6857767E+00   -4.1568904E+00   -1.1605828E+01   -3.7563267E+00   -3.3092447E+00   -3.4662405E+00   -6.4487949E+00   -8.6178888E+00   -1.7391886E+01   -1.4000000E+01   -7.0131225E+00   -3.7088424E+00   -1.4000000E+01   -2.4475055E+00   -3.0000000E+01   -2.8801815E+00   -9.4408058E+00   -8.7124400E+00   -1.0199166E+01   -1.1321177E+01   -1.2815996E+01   -1.3584436E+01   -2.2902939E+01   -7.5928667E+00   -6.4321535E+00   -1.0339022E+01   -1.3767963E+01   -8.8537392E+00   -9.4561401E+00   -6.2689687E+00
    1.2690000E+01    6.8574436E+00   -6.8392095E+00   -3.9999999E+00   -3.6173998E+00   -3.6833481E+00   -4.1535430E+00   -1.1621216E+01   -3.7579053E+00   -3.3117429E+00   -3.4662713E+00   -6.4487957E+00   -8.6189849E+00   -1.7404676E+01   -1.4000000E+01   -6.7123254E+00   -3.7054617E+00   -1.4000000E+01   -2.4473218E+00   -3.0000000E+01   -2.8782184E+00   -9.4477149E+00   -8.7105263E+00   -1.0210341E+01   -1.1318001E+01   -1.2824573E+01   -1.3285121E+01   -2.2615473E+01   -7.5884057E+00   -6.4256334E+00   -1.0333981E+01   -1.3774771E+01   -8.8530597E+00   -9.4493295E+00   -6.2666193E+00
    1.2870000E+01    6.8618329E+00   -6.8435558E+00   -3.9999999E+00   -3.6169192E+00   -3.6809032E+00   -4.1501741E+00   -1.1635691E+01   -3.7594875E+00   -3.3142366E+00   -3.4663013E+00   -6.4487965E+00   -8.6274058E+00   -1.7417453E+01   -1.4000000E+01   -6.5363215E+00   -3.7021748E+00   -1.4000000E+01   -2.4471381E+00   -3.0000000E+01   -2.8762733E+00   -9.4537515E+00   -8.7077845E+00   -1.0220622E+01   -1.1322170E+01   -1.2833157E+01   -1.3117920E+01   -2.2452782E+01   -7.5839672E+00   -6.4191547E+00   -1.0336303E+01   -1.3781603E+01   -8.8597214E+00   -9.4425632E+00   -6.2642918E+00
    1.3050000E+01    6.8661994E+00   -6.8478797E+00   -3.9999999E+00   -3.6164432E+00   -3.6784473E+00   -4.1467689E+00   -1.1650076E+01   -3.7610732E+00   -3.3167247E+00   -3.4663303E+00   -6.4487973E+00   -8.6360343E+00   -1.7430166E+01   -1.4000000E+01   -6.4114335E+00   -3.6989771E+00   -1.4000000E+01   -2.4469546E+00   -3.0000000E+01   -2.8743459E+00   -9.4597416E+00   -8.7050417E+00   -1.0230835E+01   -1.1326568E+01   -1.2841698E+01   -1.3002040E+01   -2.2341139E+01   -7.5795519E+00   -6.4127175E+00   -1.0338871E+01   -1.3788408E+01   -8.8666069E+00   -9.4358415E+00   -6.2619856E+00
    1.3230000E+01    6.8705424E+00   -6.8521805E+00   -3.9999999E+00   -3.6159716E+00   -3.6759859E+00   -4.1433105E+00   -1.1664376E+01   -3.7626623E+00   -3.3192064E+00   -3.4663584E+00   -6.4487981E+00   -8.6446256E+00   -1.7442813E+01   -1.4000000E+01   -6.3145593E+00   -3.6958643E+00   -1.4000000E+01   -2.4467711E+00   -3.0000000E+01   -2.8724359E+00   -9.4656906E+00   -8.7023046E+00   -1.0240985E+01   -1.1330951E+01   -1.2850195E+01   -1.2914133E+01   -2.2257439E+01   -7.5751604E+00   -6.4063223E+00   -1.0341441E+01   -1.3795185E+01   -8.8734710E+00   -9.4291646E+00   -6.2597005E+00
    1.3410000E+01    6.8748609E+00   -6.8564572E+00   -3.9999999E+00   -3.6155043E+00   -3.6735250E+00   -4.1397790E+00   -1.1678593E+01   -3.7642548E+00   -3.3216803E+00   -3.4663855E+00   -6.4487989E+00   -8.6531694E+00   -1.7455389E+01   -1.4000000E+01   -6.2354064E+00   -3.6928322E+00   -1.4000000E+01   -2.4465877E+00   -3.0000000E+01   -2.8705429E+00   -9.4716017E+00   -8.6995787E+00   -1.0251074E+01   -1.1335310E+01   -1.2858644E+01   -1.2843897E+01   -2.2191385E+01   -7.5707939E+00   -6.3999700E+00   -1.0344003E+01   -1.3801929E+01   -8.8803031E+00   -9.4225333E+00   -6.2574360E+00
    1.3590000E+01    6.8791538E+00   -6.8607087E+00   -3.9999999E+00   -3.6150413E+00   -3.6710705E+00   -4.1361511E+00   -1.1692727E+01   -3.7658503E+00   -3.3241449E+00   -3.4664116E+00   -6.4487997E+00   -8.6616632E+00   -1.7467892E+01   -1.4000000E+01   -6.1684834E+00   -3.6898773E+00   -1.4000000E+01   -2.4464044E+00   -3.0000000E+01   -2.8686667E+00   -9.4774789E+00   -8.6968700E+00   -1.0261105E+01   -1.1339644E+01   -1.2867043E+01   -1.2785837E+01   -2.2137483E+01   -7.5664533E+00   -6.3936612E+00   -1.0346555E+01   -1.3808639E+01   -8.8871004E+00   -9.4159481E+00   -6.2551916E+00
    1.3770000E+01    6.8834198E+00   -6.8649336E+00   -3.9999999E+00   -3.6145823E+00   -3.6686281E+00   -4.1324005E+00   -1.1706780E+01   -3.7674490E+00   -3.3265986E+00   -3.4664368E+00   -6.4488005E+00   -8.6701043E+00   -1.7480318E+01   -1.4000000E+01   -6.1105123E+00   -3.6869974E+00   -1.4000000E+01   -2.4462212E+00   -3.0000000E+01   -2.8668071E+00   -9.4833262E+00   -8.6941853E+00   -1.0271079E+01   -1.1343950E+01   -1.2875390E+01   -1.2736673E+01   -2.2092450E+01   -7.5621402E+00   -6.3873973E+00   -1.0349096E+01   -1.3815311E+01   -8.8938599E+00   -9.4094101E+00   -6.2529670E+00
    1.3950000E+01    6.8876572E+00   -6.8691303E+00   -3.9999999E+00   -3.6141273E+00   -3.6662026E+00   -4.1284966E+00   -1.1720754E+01   -3.7690505E+00   -3.3290396E+00   -3.4664610E+00   -6.4488012E+00   -8.6784896E+00   -1.7492661E+01   -1.4000000E+01   -6.0593786E+00   -3.6841917E+00   -1.4000000E+01   -2.4460380E+00   -3.0000000E+01   -2.8649637E+00   -9.4891480E+00   -8.6915324E+00   -1.0281002E+01   -1.1348228E+01   -1.2883682E+01   -1.2694288E+01   -2.2054168E+01   -7.5578560E+00   -6.3811794E+00   -1.0351624E+01   -1.3821942E+01   -8.9005781E+00   -9.4029205E+00   -6.2507618E+00
    1.4130000E+01    6.8918641E+00   -6.8732969E+00   -3.9999999E+00   -3.6136762E+00   -3.6637968E+00   -4.1244051E+00   -1.1734650E+01   -3.7706549E+00   -3.3314657E+00   -3.4664842E+00   -6.4488020E+00   -8.6868152E+00   -1.7504917E+01   -1.4000000E+01   -6.0136384E+00   -3.6814625E+00   -1.4000000E+01   -2.4458549E+00   -3.0000000E+01   -2.8631363E+00   -9.4949491E+00   -8.6889197E+00   -1.0290874E+01   -1.1352476E+01   -1.2891914E+01   -1.2657232E+01   -2.2021187E+01   -7.5536028E+00   -6.3750094E+00   -1.0354136E+01   -1.3828529E+01   -8.9072509E+00   -9.3964807E+00   -6.2485755E+00
    1.4310000E+01    6.8960383E+00   -6.8774313E+00   -3.9999999E+00   -3.6132287E+00   -3.6614106E+00   -4.1200875E+00   -1.1748467E+01   -3.7722620E+00   -3.3338743E+00   -3.4665065E+00   -6.4488028E+00   -8.6950769E+00   -1.7517079E+01   -1.4000000E+01   -5.9722618E+00   -3.6788162E+00   -1.4000000E+01   -2.4456719E+00   -3.0000000E+01   -2.8613245E+00   -9.5007342E+00   -8.6863563E+00   -1.0300699E+01   -1.1356691E+01   -1.2900083E+01   -1.2624473E+01   -2.1992470E+01   -7.5493828E+00   -6.3688891E+00   -1.0356631E+01   -1.3835066E+01   -8.9138737E+00   -9.3900925E+00   -6.2464076E+00
    1.4490000E+01    6.9001773E+00   -6.8815309E+00   -3.9999999E+00   -3.6127848E+00   -3.6590389E+00   -4.1155010E+00   -1.1762207E+01   -3.7738716E+00   -3.3362626E+00   -3.4665278E+00   -6.4488036E+00   -8.7032695E+00   -1.7529138E+01   -1.4000000E+01   -5.9344884E+00   -3.6762650E+00   -1.4000000E+01   -2.4454890E+00   -3.0000000E+01   -2.8595283E+00   -9.5065079E+00   -8.6838520E+00   -1.0310479E+01   -1.1360871E+01   -1.2908184E+01   -1.2595244E+01   -2.1967249E+01   -7.5451985E+00   -6.3628210E+00   -1.0359105E+01   -1.3841548E+01   -8.9204409E+00   -9.3837581E+00   -6.2442577E+00
    1.4670000E+01    6.9042781E+00   -6.8855927E+00   -3.9999999E+00   -3.6123443E+00   -3.6566698E+00   -4.1105985E+00   -1.1775866E+01   -3.7754838E+00   -3.3386273E+00   -3.4665481E+00   -6.4488044E+00   -8.7113871E+00   -1.7541088E+01   -1.4000000E+01   -5.8997406E+00   -3.6738298E+00   -1.4000000E+01   -2.4453062E+00   -3.0000000E+01   -2.8577472E+00   -9.5122743E+00   -8.6814169E+00   -1.0320215E+01   -1.1365012E+01   -1.2916210E+01   -1.2568961E+01   -2.1944937E+01   -7.5410529E+00   -6.3568078E+00   -1.0361554E+01   -1.3847968E+01   -8.9269464E+00   -9.3774799E+00   -6.2421253E+00
    1.4850000E+01    6.9083371E+00   -6.8896134E+00   -3.9999999E+00   -3.6119070E+00   -3.6542824E+00   -4.1053290E+00   -1.1789441E+01   -3.7770982E+00   -3.3409646E+00   -3.4665674E+00   -6.4488051E+00   -8.7194229E+00   -1.7552916E+01   -1.4000000E+01   -5.8675695E+00   -3.6715414E+00   -1.4000000E+01   -2.4451234E+00   -3.0000000E+01   -2.8559810E+00   -9.5180368E+00   -8.6790613E+00   -1.0329906E+01   -1.1369112E+01   -1.2924154E+01   -1.2545169E+01   -2.1925075E+01   -7.5369496E+00   -6.3508528E+00   -1.0363976E+01   -1.3854320E+01   -8.9333828E+00   -9.3712610E+00   -6.2400100E+00
    1.5030000E+01    6.9123505E+00   -6.8935888E+00   -3.9999999E+00   -3.6114728E+00   -3.6518450E+00   -4.0996379E+00   -1.1802928E+01   -3.7787149E+00   -3.3432703E+00   -3.4665857E+00   -6.4488059E+00   -8.7273690E+00   -1.7564612E+01   -1.4000000E+01   -5.8376192E+00   -3.6694434E+00   -1.4000000E+01   -2.4449408E+00   -3.0000000E+01   -2.8542294E+00   -9.5237974E+00   -8.6767952E+00   -1.0339552E+01   -1.1373167E+01   -1.2932010E+01   -1.2523504E+01   -2.1907295E+01   -7.5328926E+00   -6.3449598E+00   -1.0366366E+01   -1.3860595E+01   -8.9397419E+00   -9.3651050E+00   -6.2379113E+00
    1.5210000E+01    6.9163135E+00   -6.8975144E+00   -3.9999999E+00   -3.6110415E+00   -3.6493147E+00   -4.0934674E+00   -1.1816317E+01   -3.7803337E+00   -3.3455394E+00   -3.4666030E+00   -6.4488066E+00   -8.7352161E+00   -1.7576163E+01   -1.4000000E+01   -5.8096028E+00   -3.6675927E+00   -1.4000000E+01   -2.4447581E+00   -3.0000000E+01   -2.8524921E+00   -9.5295570E+00   -8.6746286E+00   -1.0349149E+01   -1.1377170E+01   -1.2939768E+01   -1.2503669E+01   -2.1891297E+01   -7.5288864E+00   -6.3391333E+00   -1.0368718E+01   -1.3866784E+01   -8.9460141E+00   -9.3590159E+00   -6.2358285E+00
    1.5390000E+01    6.9202210E+00   -6.9013850E+00   -3.9999999E+00   -3.6106129E+00   -3.6466375E+00   -4.0867578E+00   -1.1829597E+01   -3.7819544E+00   -3.3477663E+00   -3.4666193E+00   -6.4488074E+00   -8.7429539E+00   -1.7587551E+01   -1.4000000E+01   -5.7832856E+00   -3.6660594E+00   -1.4000000E+01   -2.4445756E+00   -3.0000000E+01   -2.8507690E+00   -9.5353141E+00   -8.6725709E+00   -1.0358689E+01   -1.1381119E+01   -1.2947416E+01   -1.2485418E+01   -2.1876828E+01   -7.5249366E+00   -6.3333784E+00   -1.0371028E+01   -1.3872876E+01   -8.9521885E+00   -9.3529986E+00   -6.2337613E+00
    1.5570000E+01    6.9240666E+00   -6.9051945E+00   -3.9999999E+00   -3.6101869E+00   -3.6437509E+00   -4.0794481E+00   -1.1842752E+01   -3.7835769E+00   -3.3499446E+00   -3.4666345E+00   -6.4488081E+00   -8.7505701E+00   -1.7598760E+01   -1.4000000E+01   -5.7584733E+00   -3.6649251E+00   -1.4000000E+01   -2.4443932E+00   -3.0000000E+01   -2.8490596E+00   -9.5410655E+00   -8.6706310E+00   -1.0368164E+01   -1.1385005E+01   -1.2954944E+01   -1.2468546E+01   -2.1863678E+01   -7.5210492E+00   -6.3277010E+00   -1.0373288E+01   -1.3878858E+01   -8.9582526E+00   -9.3470587E+00   -6.2317090E+00
    1.5750000E+01    6.9278436E+00   -6.9089359E+00   -3.9999999E+00   -3.6097633E+00   -3.6405879E+00   -4.0714777E+00   -1.1855765E+01   -3.7852010E+00   -3.3520668E+00   -3.4666488E+00   -6.4488089E+00   -8.7580508E+00   -1.7609768E+01   -1.4000000E+01   -5.7350030E+00   -3.6642794E+00   -1.4000000E+01   -2.4442108E+00   -3.0000000E+01   -2.8473637E+00   -9.5468057E+00   -8.6688173E+00   -1.0377561E+01   -1.1388823E+01   -1.2962338E+01   -1.2452874E+01   -2.1851660E+01   -7.5172313E+00   -6.3221081E+00   -1.0375492E+01   -1.3884716E+01   -8.9641918E+00   -9.3412027E+00   -6.2296712E+00
    1.5930000E+01    6.9315437E+00   -6.9126012E+00   -3.9999999E+00   -3.6093418E+00   -3.6370832E+00   -4.0627876E+00   -1.1868609E+01   -3.7868267E+00   -3.3541247E+00   -3.4666620E+00   -6.4488096E+00   -8.7653801E+00   -1.7620553E+01   -1.4000000E+01   -5.7127370E+00   -3.6642152E+00   -1.4000000E+01   -2.4440285E+00   -3.0000000E+01   -2.8456810E+00   -9.5525267E+00   -8.6671381E+00   -1.0386864E+01   -1.1392564E+01   -1.2969581E+01   -1.2438249E+01   -2.1840615E+01   -7.5134909E+00   -6.3166074E+00   -1.0377630E+01   -1.3890434E+01   -8.9699899E+00   -9.3354381E+00   -6.2276471E+00
    1.6110000E+01    6.9351579E+00   -6.9161812E+00   -3.9999999E+00   -3.6089223E+00   -3.6331795E+00   -4.0533227E+00   -1.1881258E+01   -3.7884536E+00   -3.3561086E+00   -3.4666742E+00   -6.4488103E+00   -8.7725397E+00   -1.7631085E+01   -1.4000000E+01   -5.6915576E+00   -3.6648230E+00   -1.4000000E+01   -2.4438463E+00   -3.0000000E+01   -2.8440111E+00   -9.5582181E+00   -8.6656012E+00   -1.0396054E+01   -1.1396219E+01   -1.2976655E+01   -1.2424535E+01   -2.1830395E+01   -7.5098374E+00   -6.3112080E+00   -1.0379694E+01   -1.3895992E+01   -8.9756280E+00   -9.3297735E+00   -6.2256363E+00
    1.6290000E+01    6.9386754E+00   -6.9196654E+00   -3.9999999E+00   -3.6085046E+00   -3.6288349E+00   -4.0430334E+00   -1.1893677E+01   -3.7900816E+00   -3.3580076E+00   -3.4666854E+00   -6.4488110E+00   -8.7795087E+00   -1.7641336E+01   -1.4000000E+01   -5.6713637E+00   -3.6661842E+00   -1.4000000E+01   -2.4436642E+00   -3.0000000E+01   -2.8423538E+00   -9.5638669E+00   -8.6642148E+00   -1.0405108E+01   -1.1399777E+01   -1.2983539E+01   -1.2411608E+01   -2.1820869E+01   -7.5062813E+00   -6.3059203E+00   -1.0381672E+01   -1.3901370E+01   -8.9810847E+00   -9.3242188E+00   -6.2236379E+00
    1.6470000E+01    6.9420844E+00   -6.9230418E+00   -3.9999999E+00   -3.6080882E+00   -3.6240288E+00   -4.0318776E+00   -1.1905828E+01   -3.7917105E+00   -3.3598093E+00   -3.4666955E+00   -6.4488117E+00   -8.7862630E+00   -1.7651267E+01   -1.4000000E+01   -5.6520676E+00   -3.6683656E+00   -1.4000000E+01   -2.4434821E+00   -3.0000000E+01   -2.8407087E+00   -9.5694573E+00   -8.6629873E+00   -1.0413997E+01   -1.1403227E+01   -1.2990210E+01   -1.2399358E+01   -2.1811912E+01   -7.5028347E+00   -6.3007561E+00   -1.0383551E+01   -1.3906543E+01   -8.9863354E+00   -9.3187855E+00   -6.2216514E+00
    1.6650000E+01    6.9453711E+00   -6.9262968E+00   -3.9999999E+00   -3.6076731E+00   -3.6187665E+00   -4.0198229E+00   -1.1917663E+01   -3.7933401E+00   -3.3614995E+00   -3.4667046E+00   -6.4488124E+00   -8.7927754E+00   -1.7660840E+01   -1.4000000E+01   -5.6335929E+00   -3.6714141E+00   -1.4000000E+01   -2.4433001E+00   -3.0000000E+01   -2.8390755E+00   -9.5749706E+00   -8.6619272E+00   -1.0422690E+01   -1.1406555E+01   -1.2996640E+01   -1.2387679E+01   -2.1803407E+01   -7.4995115E+00   -6.2957290E+00   -1.0385318E+01   -1.3911483E+01   -8.9913524E+00   -9.3134865E+00   -6.2196759E+00
    1.6830000E+01    6.9485198E+00   -6.9294147E+00   -3.9999999E+00   -3.6072588E+00   -3.6130806E+00   -4.0068487E+00   -1.1929130E+01   -3.7949700E+00   -3.3630623E+00   -3.4667127E+00   -6.4488130E+00   -8.7990148E+00   -1.7670007E+01   -1.4000000E+01   -5.6158723E+00   -3.6753526E+00   -1.4000000E+01   -2.4431182E+00   -3.0000000E+01   -2.8374537E+00   -9.5803842E+00   -8.6610434E+00   -1.0431148E+01   -1.1409744E+01   -1.3002798E+01   -1.2376474E+01   -2.1795238E+01   -7.4963272E+00   -6.2908543E+00   -1.0386957E+01   -1.3916159E+01   -8.9961039E+00   -9.3083369E+00   -6.2177107E+00
    1.7010000E+01    6.9515127E+00   -6.9323777E+00   -3.9999999E+00   -3.6068450E+00   -3.6070310E+00   -3.9929475E+00   -1.1940166E+01   -3.7965999E+00   -3.3644792E+00   -3.4667197E+00   -6.4488137E+00   -8.8049457E+00   -1.7678715E+01   -1.4000000E+01   -5.5988469E+00   -3.6801782E+00   -1.4000000E+01   -2.4429364E+00   -3.0000000E+01   -2.8358430E+00   -9.5856719E+00   -8.6603452E+00   -1.0439327E+01   -1.1412778E+01   -1.3008649E+01   -1.2365647E+01   -2.1787295E+01   -7.4932998E+00   -6.2861496E+00   -1.0388449E+01   -1.3920534E+01   -9.0005539E+00   -9.3033535E+00   -6.2157550E+00
    1.7190000E+01    6.9543296E+00   -6.9351657E+00   -3.9999999E+00   -3.6064314E+00   -3.6007008E+00   -3.9781265E+00   -1.1950701E+01   -3.7982296E+00   -3.3657296E+00   -3.4667256E+00   -6.4488143E+00   -8.8105278E+00   -1.7686903E+01   -1.4000000E+01   -5.5824639E+00   -3.6858608E+00   -1.4000000E+01   -2.4427546E+00   -3.0000000E+01   -2.8342430E+00   -9.5908022E+00   -8.6598417E+00   -1.0447177E+01   -1.1415636E+01   -1.3014152E+01   -1.2355105E+01   -2.1779462E+01   -7.4904495E+00   -6.2816348E+00   -1.0389773E+01   -1.3924568E+01   -9.0046616E+00   -9.2985558E+00   -6.2138078E+00
    1.7370000E+01    6.9569476E+00   -6.9377558E+00   -3.9999999E+00   -3.6060174E+00   -3.5941917E+00   -3.9624087E+00   -1.1960652E+01   -3.7998586E+00   -3.3667902E+00   -3.4667304E+00   -6.4488149E+00   -8.8157154E+00   -1.7694504E+01   -1.4000000E+01   -5.5666768E+00   -3.6923443E+00   -1.4000000E+01   -2.4425730E+00   -3.0000000E+01   -2.8326531E+00   -9.5957384E+00   -8.6595419E+00   -1.0454637E+01   -1.1418295E+01   -1.3019262E+01   -1.2344755E+01   -2.1771625E+01   -7.4877992E+00   -6.2773325E+00   -1.0390907E+01   -1.3928214E+01   -9.0083807E+00   -9.2939658E+00   -6.2118682E+00
    1.7550000E+01    6.9593408E+00   -6.9401221E+00   -3.9999999E+00   -3.6056028E+00   -3.5876170E+00   -3.9458329E+00   -1.1969924E+01   -3.8014865E+00   -3.3676343E+00   -3.4667342E+00   -6.4488155E+00   -8.8204568E+00   -1.7701440E+01   -1.4000000E+01   -5.5514435E+00   -3.6995488E+00   -1.4000000E+01   -2.4423914E+00   -3.0000000E+01   -2.8310729E+00   -9.6004373E+00   -8.6594546E+00   -1.0461638E+01   -1.1420730E+01   -1.3023927E+01   -1.2334504E+01   -2.1763664E+01   -7.4853750E+00   -6.2732681E+00   -1.0391823E+01   -1.3931421E+01   -9.0116589E+00   -9.2896085E+00   -6.2099352E+00
    1.7730000E+01    6.9614797E+00   -6.9422352E+00   -3.9999999E+00   -3.6051871E+00   -3.5810949E+00   -3.9284539E+00   -1.1978408E+01   -3.8031129E+00   -3.3682322E+00   -3.4667369E+00   -6.4488161E+00   -8.8246937E+00   -1.7707623E+01   -1.4000000E+01   -5.5367266E+00   -3.7073738E+00   -1.4000000E+01   -2.4422099E+00   -3.0000000E+01   -2.8295018E+00   -9.6048484E+00   -8.6595877E+00   -1.0468100E+01   -1.1422910E+01   -1.3028088E+01   -1.2324256E+01   -2.1755453E+01   -7.4832062E+00   -6.2694706E+00   -1.0392492E+01   -1.3934127E+01   -9.0144370E+00   -9.2855122E+00   -6.2080080E+00
    1.7910000E+01    6.9633300E+00   -6.9440606E+00   -3.9999999E+00   -3.6047704E+00   -3.5747472E+00   -3.9103621E+00   -1.1985972E+01   -3.8047356E+00   -3.3685503E+00   -3.4667385E+00   -6.4488166E+00   -8.8283570E+00   -1.7712949E+01   -1.4000000E+01   -5.5225062E+00   -3.7156941E+00   -1.4000000E+01   -2.4420286E+00   -3.0000000E+01   -2.8279408E+00   -9.6089087E+00   -8.6599476E+00   -1.0473927E+01   -1.1424803E+01   -1.3031676E+01   -1.2313921E+01   -2.1746869E+01   -7.4813273E+00   -6.2659755E+00   -1.0392881E+01   -1.3936267E+01   -9.0166472E+00   -9.2817125E+00   -6.2060873E+00
