# Time series at grid cell:   1   1   1
  Time(yrs)                  Na+                    K+                     Al+++                  Mg++                   SiO2(aq)               Ca++                   Fe++                   SO4--                  pH                     CO2(aq)                O2(aq)                
  1.00000E-09                2.88997913130259E-05   7.24994874062700E-05   3.48284962853720E-09   6.81011786425175E-06   4.31999915439548E-05   1.21002243566731E-05   8.78999472028022E-07   5.27999800129056E-09   5.96999142129159E+00   1.38423793438001E-03   3.43462983065867E-04
  2.00000E-09                2.88997856040083E-05   7.24994731378164E-05   3.48570042020606E-09   6.81011483933424E-06   4.31999830879121E-05   1.21002189550247E-05   8.78998944057308E-07   5.27999600258361E-09   5.96999075602825E+00   1.38423756067277E-03   3.43462983129510E-04
  3.00000E-09                2.88997798595676E-05   7.24994587584721E-05   3.48855005013891E-09   6.81011183905886E-06   4.31999746318932E-05   1.21002136007086E-05   8.78998416086992E-07   5.27999400387493E-09   5.96999034788643E+00   1.38423732333809E-03   3.43462983184671E-04
  4.00000E-09                2.88997740076428E-05   7.24994441016917E-05   3.49139967828707E-09   6.81010890525182E-06   4.31999661758785E-05   1.21002083737466E-05   8.78997888117311E-07   5.27999200516726E-09   5.96999008882145E+00   1.38423716796001E-03   3.43462983217713E-04
  5.00000E-09                2.88997680919636E-05   7.24994292803426E-05   3.49424930432280E-09   6.81010601055335E-06   4.31999577198672E-05   1.21002032217366E-05   8.78997360148152E-07   5.27999000646048E-09   5.96998991803865E+00   1.38423706111257E-03   3.43462983237693E-04
  7.00000E-09                2.88997561202545E-05   7.24993992797407E-05   3.49995203439644E-09   6.81010030649749E-06   4.31999408078534E-05   1.21001930812556E-05   8.78996304212071E-07   5.27998600905157E-09   5.96998972387301E+00   1.38423692927923E-03   3.43462983249195E-04
  1.10000E-08                2.88997321144775E-05   7.24993391108448E-05   3.51134583662602E-09   6.81008893764362E-06   4.31999069838723E-05   1.21001728755677E-05   8.78994192344636E-07   5.27997801424170E-09   5.96998949382376E+00   1.38423675110921E-03   3.43462983259000E-04
  1.90000E-08                2.88996840368274E-05   7.24992186018426E-05   3.53414257963040E-09   6.81006624064060E-06   4.31998393360522E-05   1.21001325421996E-05   8.78989968635629E-07   5.27996202467404E-09   5.96998913163939E+00   1.38423644884856E-03   3.43462983265026E-04
  3.50000E-08                2.88995878385268E-05   7.24989774754776E-05   3.57973543626809E-09   6.81002087284789E-06   4.31997040409934E-05   1.21000519256643E-05   8.78981521315403E-07   5.27993004573263E-09   5.96998843860439E+00   1.38423586192932E-03   3.43462983268412E-04
  6.70000E-08                2.88993954294967E-05   7.24984951918923E-05   3.67091871087879E-09   6.80993014722432E-06   4.31994334531668E-05   1.20998907114882E-05   8.78964627065950E-07   5.27986608862532E-09   5.96998705764547E+00   1.38423469110744E-03   3.43462983272331E-04
  1.31000E-07                2.88990106172389E-05   7.24975306393385E-05   3.85327685196314E-09   6.80974870324999E-06   4.31988922864183E-05   1.20995682962707E-05   8.78930840130936E-07   5.27973817751272E-09   5.96998429617285E+00   1.38423234977696E-03   3.43462983279673E-04
  2.59000E-07                2.88982410250223E-05   7.24956016150742E-05   4.21794073114498E-09   6.80938583812701E-06   4.31978099864603E-05   1.20989235064255E-05   8.78863272515849E-07   5.27948236769501E-09   5.96997877342263E+00   1.38422766733121E-03   3.43462983294324E-04
  5.15000E-07                2.88967019711755E-05   7.24917438932354E-05   4.94707935830565E-09   6.80866019689476E-06   4.31956455040594E-05   1.20976340847995E-05   8.78728162300382E-07   5.27897079768467E-09   5.96996772868005E+00   1.38421830323585E-03   3.43462983324040E-04
  1.02700E-06                2.88936243827186E-05   7.24840297489166E-05   6.40444717844490E-09   6.80720927491391E-06   4.31913168759380E-05   1.20950558821319E-05   8.78458041888192E-07   5.27794785612573E-09   5.96994564172454E+00   1.38419957807106E-03   3.43462983384021E-04
  2.05100E-06                2.88874712781295E-05   7.24686066462877E-05   9.31452159379598E-09   6.80430887024518E-06   4.31826598970493E-05   1.20899020344308E-05   8.77918200820727E-07   5.27590276654671E-09   5.96990147556017E+00   1.38416213859307E-03   3.43462983506202E-04
  4.09900E-06                2.88751733535963E-05   7.24377811750680E-05   1.51084666609484E-08   6.79851381215952E-06   4.31653390542303E-05   1.20796045589572E-05   8.76840115208799E-07   5.27181575908023E-09   5.96981315668642E+00   1.38408729377564E-03   3.43462983759586E-04
  8.19500E-06                2.88506105159947E-05   7.23762128618359E-05   2.65254028286771E-08   6.78694661185544E-06   4.31306068240703E-05   1.20590503286886E-05   8.74690310664963E-07   5.26365441123324E-09   5.96963643390195E+00   1.38393766708472E-03   3.43462984303463E-04
  1.63870E-05                2.88016158267152E-05   7.22534041732099E-05   4.82528708165483E-08   6.76390314141448E-06   4.30603430166259E-05   1.20181034428095E-05   8.70416021670423E-07   5.24738222692979E-09   5.96928168365282E+00   1.38363815167889E-03   3.43462985547890E-04
  3.27710E-05                2.87041439193859E-05   7.20090826787336E-05   8.52117310139955E-08   6.71817504830844E-06   4.29145188400042E-05   1.19368472763149E-05   8.61967637038315E-07   5.21503865601936E-09   5.96856231965902E+00   1.38303556081704E-03   3.43462988718448E-04
  6.55390E-05                2.85112513438382E-05   7.15255764456230E-05   1.32989546233716E-07   6.62813201128084E-06   4.26014802421019E-05   1.17768456790112E-05   8.45463131925734E-07   5.15114484473402E-09   5.96708343029478E+00   1.38181529252009E-03   3.43462997981882E-04
  1.31075E-04                2.81336319325703E-05   7.05790051456758E-05   1.73697781200388E-07   6.45358983339196E-06   4.19399259909037E-05   1.14666922961911E-05   8.13951530356894E-07   5.02645357741118E-09   5.96407343979643E+00   1.37937010008909E-03   3.43463026859016E-04
  2.62147E-04                2.74101256480266E-05   6.87652816986604E-05   2.00877657218856E-07   6.12561987266169E-06   4.06388481087646E-05   1.08839031447563E-05   7.56360050920761E-07   4.78886991660966E-09   5.95819714056306E+00   1.37464696596033E-03   3.43463108730115E-04
  5.24291E-04                2.60805526059494E-05   6.54317914223384E-05   2.29035571524994E-07   5.54514382351551E-06   3.82881219077445E-05   9.85242551192560E-06   6.59178043577599E-07   4.35663041312214E-09   5.94734688045072E+00   1.36603752098250E-03   3.43463305585915E-04
  1.04858E-03                2.38235848303403E-05   5.97717996969413E-05   2.79000029388483E-07   4.62583665967463E-06   3.44891849871163E-05   8.21888332438559E-06   5.16104445498236E-07   3.63538770568296E-09   5.92889505050469E+00   1.35177356964367E-03   3.43463709347018E-04
  2.09715E-03                2.05102599512182E-05   5.14594552598841E-05   3.74484948631241E-07   3.42696069308897E-06   2.93877629610846E-05   6.08861646775165E-06   3.45876380922045E-07   2.60288670322893E-09   5.90175806387760E+00   1.33171963690149E-03   3.43464408029464E-04
  4.12335E-03                1.67887570601314E-05   4.21174500627221E-05   5.24943896093700E-07   2.29415696805623E-06   2.44116592111844E-05   4.07580953798144E-06   1.98528789711727E-07   1.47374837340345E-09   5.87132027831229E+00   1.31043010790328E-03   3.43465381039889E-04
  7.44838E-03                1.40513152840101E-05   3.52382723093543E-05   6.71331852068882E-07   1.60506636554000E-06   2.13717294835798E-05   2.85142931873904E-06   1.15322968410440E-07   6.53089264188698E-10   5.84912138641519E+00   1.29543889146522E-03   3.43466360251479E-04
  1.28803E-02                1.26158329941267E-05   3.16179151767389E-05   7.57985717548432E-07   1.29212543875834E-06   2.00963973151099E-05   2.29537853886032E-06   8.14047139907965E-08   2.14032475551561E-10   5.83766330883807E+00   1.28745484465552E-03   3.43466992472232E-04
  2.10330E-02                1.21164775039423E-05   3.03359356869098E-05   7.86996947307537E-07   1.19003385427781E-06   1.97532105883278E-05   2.11392016398646E-06   7.20744906781462E-08   5.25103790412570E-11   5.83384022574422E+00   1.28417482327080E-03   3.43467287457769E-04
  3.00130E-02                1.20039467159832E-05   3.00208995137975E-05   7.92613241065200E-07   1.16628530685634E-06   1.96910686330794E-05   2.07164312686357E-06   7.03270937464157E-08   1.19795182490091E-11   5.83309902475535E+00   1.28296434106751E-03   3.43467379210882E-04
  3.99417E-02                1.19858170965060E-05   2.99390494246088E-05   7.93290477943485E-07   1.16094012068030E-06   1.96771351333388E-05   2.06205381615261E-06   7.00166190280354E-08   2.53472688997853E-12   5.83307385906876E+00   1.28232685801905E-03   3.43467393973534E-04
  5.25944E-02                1.19910642405356E-05   2.99060668161292E-05   7.93062766391979E-07   1.15968484254891E-06   1.96693016613131E-05   2.05970505214066E-06   6.99542087507990E-08   4.48072240146296E-13   5.83320443812288E+00   1.28182663497662E-03   3.43467386328272E-04
  7.00419E-02                1.20054195387487E-05   2.98790902348757E-05   7.92688331548884E-07   1.15939148156559E-06   1.96617605727473E-05   2.05902018835755E-06   6.99323335843871E-08   6.79262104587554E-14   5.83336692153519E+00   1.28136089879884E-03   3.43467367739455E-04
  9.37342E-02                1.20265453158645E-05   2.98477809875302E-05   7.92322513424335E-07   1.15940391786494E-06   1.96546444120281E-05   2.05882003276550E-06   6.99169124363077E-08   1.58491101222676E-14   5.83352327013097E+00   1.28093202100478E-03   3.43467340921875E-04
  1.24972E-01                1.20547518877576E-05   2.98094411647969E-05   7.92001422601519E-07   1.15964434926930E-06   1.96484475821548E-05   2.05895415413695E-06   6.99039601805519E-08   1.04595339125887E-14   5.83366007960651E+00   1.28055637979003E-03   3.43467306673633E-04
  1.66091E-01                1.20916301526866E-05   2.97617530011807E-05   7.91732162555514E-07   1.16017000484464E-06   1.96432922135098E-05   2.05950222810802E-06   6.98931969983778E-08   1.00279802210477E-14   5.83377442733478E+00   1.28023842322377E-03   3.43467263242689E-04
  2.21836E-01                1.21405494983317E-05   2.97003477231840E-05   7.91513882408558E-07   1.16112439728514E-06   1.96391347362510E-05   2.06067440109124E-06   6.98844977108091E-08   1.00012782205617E-14   5.83386689696787E+00   1.27997520306886E-03   3.43467203658986E-04
  3.02390E-01                1.22084218450086E-05   2.96162049247406E-05   7.91345116161021E-07   1.16284225539824E-06   1.96359217477565E-05   2.06296887118945E-06   6.98777540982777E-08   1.00000410230043E-14   5.83393831637067E+00   1.27976245994333E-03   3.43467107758572E-04
  4.63498E-01                1.23326979381790E-05   2.94611109214412E-05   7.91213327813846E-07   1.16724871529867E-06   1.96334003104555E-05   2.06927628334200E-06   6.98724288285216E-08   1.00000006696597E-14   5.83399422073235E+00   1.27958112458604E-03   3.43466859606613E-04
  7.85716E-01                1.25395700840971E-05   2.91840368068605E-05   7.91170668213626E-07   1.17852063066358E-06   1.96324655082349E-05   2.08622664737799E-06   6.98704167997695E-08   1.00000000055160E-14   5.83401293160812E+00   1.27946695790239E-03   3.43466212257716E-04
  1.43015E+00                1.28336314997090E-05   2.87155762607633E-05   7.91234832027657E-07   1.20784915573877E-06   1.96333403693051E-05   2.13199801595467E-06   6.98722484017175E-08   1.00000000000228E-14   5.83398719005266E+00   1.27940667370973E-03   3.43464818849610E-04
  2.43015E+00                1.31117626940541E-05   2.80998402780301E-05   7.91426126913650E-07   1.26393110434977E-06   1.96361701808843E-05   2.22119995046655E-06   6.98783400005751E-08   1.00000000000001E-14   5.83390903550719E+00   1.27935664519784E-03   3.43462979306879E-04
  3.43015E+00                1.32779347103795E-05   2.75313979410605E-05   7.91735908479702E-07   1.32733123896678E-06   1.96407238359602E-05   2.32257517585462E-06   6.98881874395526E-08   9.99999999999999E-15   5.83378281270687E+00   1.27929190767549E-03   3.43461534327498E-04
  4.43015E+00                1.33775068188948E-05   2.69935060416818E-05   7.92045476853114E-07   1.39756817699543E-06   1.96452821268084E-05   2.43514712062897E-06   6.98980535752428E-08   1.00000000000000E-14   5.83365618070346E+00   1.27922848878625E-03   3.43460433252567E-04
  5.43015E+00                1.34351585644481E-05   2.64676045718539E-05   7.92357574109116E-07   1.47358005732086E-06   1.96498480846421E-05   2.55695268539108E-06   6.99079482141432E-08   1.00000000000000E-14   5.83352929388422E+00   1.27916543028191E-03   3.43459600824359E-04
  6.43015E+00                1.34664828495075E-05   2.59423167612319E-05   7.92671876046800E-07   1.55462827862082E-06   1.96544239843478E-05   2.68662288515754E-06   6.99178616803163E-08   9.99999999999995E-15   5.83340226292661E+00   1.27910255791521E-03   3.43458973035329E-04
  7.43015E+00                1.34813533775981E-05   2.54108466952216E-05   7.92988211919675E-07   1.64017444390659E-06   1.96590124088936E-05   2.82315814779685E-06   6.99277900123935E-08   1.00000000000000E-14   5.83327513697275E+00   1.27903982754705E-03   3.43458499322648E-04
  8.43015E+00                1.34860065705426E-05   2.48693556880329E-05   7.93306459640108E-07   1.72979867047049E-06   1.96636151561709E-05   2.96578017418358E-06   6.99377307989082E-08   9.99999999999997E-15   5.83314794772283E+00   1.27897721887478E-03   3.43458141075347E-04
  9.43015E+00                1.34843628610686E-05   2.43159433804027E-05   7.93626515697764E-07   1.82314555055811E-06   1.96682333261722E-05   3.11383476036319E-06   6.99476821700420E-08   9.99999999999997E-15   5.83302071915780E+00   1.27891471844151E-03   3.43457869170003E-04
  1.04301E+01                1.34788737277338E-05   2.37500026115779E-05   7.93948282078457E-07   1.91988785580067E-06   1.96728674954979E-05   3.26672719763297E-06   6.99576424439655E-08   9.99999999999999E-15   5.83289347095771E+00   1.27885231633032E-03   3.43457661745228E-04
  1.14301E+01                1.34710655821916E-05   2.31718087436206E-05   7.94271653039241E-07   2.01970239050668E-06   1.96775177484546E-05   3.42387980428061E-06   6.99676097578964E-08   9.99999999999997E-15   5.83276622244292E+00   1.27878999950969E-03   3.43457502428346E-04
  1.24301E+01                1.34618876831695E-05   2.25822562341800E-05   7.94596521644284E-07   2.12225460435180E-06   1.96821839690741E-05   3.58470522504165E-06   6.99775824213902E-08   9.99999999999999E-15   5.83263898870986E+00   1.27872776461582E-03   3.43457378976920E-04
  1.34301E+01                1.34519327443699E-05   2.19826862613198E-05   7.94922769533788E-07   2.22718966540386E-06   1.96868657671748E-05   3.74859118755889E-06   6.99875586153744E-08   9.99999999999999E-15   5.83251178409458E+00   1.27866561028682E-03   3.43457282251578E-04
  1.44301E+01                1.34415753436133E-05   2.13747696963632E-05   7.95250261379307E-07   2.33412844111763E-06   1.96915624432693E-05   3.91489380360173E-06   6.99975362405404E-08   1.00000000000000E-14   5.83238462403227E+00   1.27860353310129E-03   3.43457205442690E-04
  1.54301E+01                1.34310576566160E-05   2.07604226288252E-05   7.95578846575967E-07   2.44266722240542E-06   1.96962730516265E-05   4.08293724873643E-06   7.00075130104346E-08   1.00000000000000E-14   5.83225752426597E+00   1.27854153006313E-03   3.43457143488468E-04
  1.64301E+01                1.34205417517666E-05   2.01417402624610E-05   7.95908359714711E-07   2.55238026840677E-06   1.97009964189679E-05   4.25201812988103E-06   7.00174864730329E-08   9.99999999999997E-15   5.83213050088381E+00   1.27847959850957E-03   3.43457092636963E-04
  1.74301E+01                1.34101409670855E-05   1.95209408535855E-05   7.96238621924220E-07   2.66282443302202E-06   1.97057311630779E-05   4.42141320902238E-06   7.00274540412355E-08   1.00000000000000E-14   5.83200357027856E+00   1.27841773596317E-03   3.43457050116381E-04
  1.84301E+01                1.33999383998587E-05   1.89003151360115E-05   7.96569443004737E-07   2.77354524492347E-06   1.97104757150488E-05   4.59038937568677E-06   7.00374130325381E-08   9.99999999999996E-15   5.83187674902011E+00   1.27835594003182E-03   3.43457013886991E-04
  1.94301E+01                1.33899975983622E-05   1.82821791163262E-05   7.96900624169124E-07   2.88408389457928E-06   1.97152283457341E-05   4.75821492823983E-06   7.00473607146301E-08   9.99999999999997E-15   5.83175005366800E+00   1.27829420835088E-03   3.43456982454573E-04
  2.04301E+01                1.33803686354001E-05   1.76688296302606E-05   7.97231961201396E-07   2.99398464799931E-06   1.97199871960586E-05   4.92417135879343E-06   7.00572943538721E-08   1.00000000000000E-14   5.83162350054861E+00   1.27823253855708E-03   3.43456954730269E-04
  2.14301E+01                1.33710915184444E-05   1.70625029127723E-05   7.97563247848715E-07   3.10280226785007E-06   1.97247503103005E-05   5.08756495696354E-06   7.00672112639978E-08   9.99999999999999E-15   5.83149710551786E+00   1.27817092828496E-03   3.43456929925419E-04
  2.24301E+01                1.33621981157573E-05   1.64653368520186E-05   7.97894279273668E-07   3.21010908432266E-06   1.97295156711715E-05   5.24773766465147E-06   7.00771088527500E-08   1.00000000000000E-14   5.83137088372663E+00   1.27810937517840E-03   3.43456907472720E-04
  2.34301E+01                1.33537132940070E-05   1.58793377147644E-05   7.98224855410758E-07   3.31550142333790E-06   1.97342812353939E-05   5.40407673223083E-06   7.00869846645721E-08   9.99999999999996E-15   5.83124484940243E+00   1.27804787691139E-03   3.43456886967193E-04
  2.44301E+01                1.33456556653360E-05   1.53063520528502E-05   7.98554784093062E-07   3.41860516799968E-06   1.97390449684919E-05   5.55602284579206E-06   7.00968364178821E-08   9.99999999999999E-15   5.83111901565802E+00   1.27798643121357E-03   3.43456868122040E-04
  2.54301E+01                1.33380381620597E-05   1.47480443062182E-05   7.98883883840849E-07   3.51908029873679E-06   1.97438048776244E-05   5.70307651262666E-06   7.01066620358868E-08   9.99999999999999E-15   5.83099339433411E+00   1.27792503589726E-03   3.43456850735697E-04
  2.64301E+01                1.33308685507525E-05   1.42058803668002E-05   7.99211986232479E-07   3.61662432526872E-06   1.97485590414729E-05   5.84480260339391E-06   7.01164596703100E-08   1.00000000000000E-14   5.83086799588076E+00   1.27786368888337E-03   3.43456834667328E-04
  2.74301E+01                1.33241499362023E-05   1.36811171032004E-05   7.99538937806743E-07   3.71097458615119E-06   1.97533056364227E-05   5.98083304965290E-06   7.01262277178097E-08   9.99999999999999E-15   5.83074282927908E+00   1.27780238822483E-03   3.43456819818701E-04
  2.84301E+01                1.33178812719047E-05   1.31747975999899E-05   7.99864601473368E-07   3.80190944643120E-06   1.97580429585194E-05   6.11086778075749E-06   7.01359648292103E-08   1.00000000000000E-14   5.83061790200300E+00   1.27774113212614E-03   3.43456806120885E-04
  2.94301E+01                1.33120578763750E-05   1.26877516579556E-05   8.00188857433590E-07   3.88924846881452E-06   1.97627694409234E-05   6.23467405180520E-06   7.01456699119858E-08   1.00000000000000E-14   5.83049322001848E+00   1.27767991895880E-03   3.43456793524602E-04
  3.04301E+01                1.33066719393642E-05   1.22206009407241E-05   8.00511602491355E-07   3.97285166520442E-06   1.97674836463875E-05   6.35208435939595E-06   7.01553420844038E-08   9.99999999999999E-15   5.83036878828465E+00   1.27761874602979E-03   3.43456781993349E-04
  3.14301E+01                1.33017129963619E-05   1.17737680502903E-05   8.00832746330790E-07   4.05261795742350E-06   1.97721842087485E-05   6.46299317129663E-06   7.01649805282347E-08   9.99999999999997E-15   5.83024461234900E+00   1.27755760552100E-03   3.43456771498585E-04
  3.24301E+01                1.32971685137746E-05   1.13474888327664E-05   8.01152228748089E-07   4.12848304247598E-06   1.97768701515436E-05   6.56735279600290E-06   7.01745851255687E-08   1.00000000000000E-14   5.83012069122606E+00   1.27749650362342E-03   3.43456762016506E-04
  3.34301E+01                1.32930242276681E-05   1.09418269640166E-05   8.01470000016993E-07   4.20041668399396E-06   1.97815405497015E-05   6.66516843573775E-06   7.01841557411026E-08   1.00000000000000E-14   5.82999702528892E+00   1.27743543984661E-03   3.43456753525700E-04
  3.44301E+01                1.32892645746342E-05   1.05566902778025E-05   8.01786025867896E-07   4.26841970765676E-06   1.97861946323003E-05   6.75649287017453E-06   7.01936924211675E-08   1.00000000000000E-14   5.82987361394858E+00   1.27737441350258E-03   3.43456746005904E-04
  3.54301E+01                1.32858730583415E-05   1.01918480480923E-05   8.02100286705672E-07   4.33252076353483E-06   1.97908317833092E-05   6.84142087039778E-06   7.02031953859629E-08   9.99999999999997E-15   5.82975045564310E+00   1.27731342405151E-03   3.43456739437032E-04
  3.64301E+01                1.32828325710557E-05   9.84694864741704E-06   8.02412776370052E-07   4.39277298523314E-06   1.97954515343404E-05   6.92008354632032E-06   7.02126650090302E-08   9.99999999999997E-15   5.82962754795646E+00   1.27725247111527E-03   3.43456733798497E-04
  3.74301E+01                1.32801256718793E-05   9.52153707376142E-06   8.02723500790046E-07   4.44925064713249E-06   1.98000535553137E-05   6.99264278242714E-06   7.02221017958770E-08   1.00000000000000E-14   5.82950488774470E+00   1.27719155446812E-03   3.43456729068634E-04
  3.84301E+01                1.32777348236090E-05   9.21507193203995E-06   8.03032476597242E-07   4.50204590257602E-06   1.98046376438446E-05   7.05928588543223E-06   7.02315063630133E-08   9.99999999999996E-15   5.82938247125916E+00   1.27713067402444E-03   3.43456725224072E-04
  3.94301E+01                1.32756425909061E-05   8.92694154872113E-06   8.03339729739071E-07   4.55126566823340E-06   1.98092037138165E-05   7.12022053821823E-06   7.02408794179089E-08   1.00000000000000E-14   5.82926029426343E+00   1.27706982982551E-03   3.43456722239037E-04
  4.04301E+01                1.32738318030167E-05   8.65647898452738E-06   8.03645294124310E-07   4.59702870328672E-06   1.98137517835173E-05   7.17567012747284E-06   7.02502217402074E-08   9.99999999999999E-15   5.82913835214236E+00   1.27700902202594E-03   3.43456720084579E-04
  4.14301E+01                1.32722856845973E-05   8.40297578758873E-06   8.03949210326212E-07   4.63946291710592E-06   1.98182819636661E-05   7.22586948855197E-06   7.02595341644245E-08   1.00000000000000E-14   5.82901664000165E+00   1.27694825088022E-03   3.43456718727865E-04
  4.24301E+01                1.32709879582906E-05   8.16569439636146E-06   8.04251524362184E-07   4.67870292599699E-06   1.98227944455985E-05   7.27106109061931E-06   7.02688175642714E-08   1.00000000000000E-14   5.82889515275747E+00   1.27688751672944E-03   3.43456718131677E-04
  4.34301E+01                1.32699229226444E-05   7.94387915749809E-06   8.04552286563195E-07   4.71488786858359E-06   1.98272894898282E-05   7.31149166819511E-06   7.02780728386540E-08   1.00000000000000E-14   5.82877388521572E+00   1.27682681998868E-03   3.43456718254316E-04
  4.44301E+01                1.32690755087985E-05   7.73676596884206E-06   8.04851550541253E-07   4.74815948041560E-06   1.98317674151500E-05   7.34740929178783E-06   7.02873008993588E-08   1.00000000000000E-14   5.82865283214105E+00   1.27676616113520E-03   3.43456719050008E-04
  4.54301E+01                1.32684312788348E-05   7.54359058206649E-06   8.05149365983518E-07   4.77866040699397E-06   1.98362284766206E-05   7.37906083786836E-06   7.02965024307402E-08   1.00000000000000E-14   5.82853199086854E+00   1.27670553393258E-03   3.43456720469854E-04
  4.64301E+01                1.32679765449391E-05   7.36359568554190E-06   8.05445793868099E-07   4.80653281013307E-06   1.98406731418724E-05   7.40668993598607E-06   7.03056784678680E-08   1.00000000000000E-14   5.82841135481949E+00   1.27664494274472E-03   3.43456722463295E-04
  4.74301E+01                1.32676983267718E-05   7.19603676438042E-06   8.05740894975608E-07   4.83191713521203E-06   1.98451018907910E-05   7.43053518214069E-06   7.03148299949383E-08   9.99999999999996E-15   5.82829091793774E+00   1.27658439085910E-03   3.43456724979571E-04
  4.84301E+01                1.32675843380572E-05   7.04018691058452E-06   8.06034727924492E-07   4.85495111093036E-06   1.98495151838195E-05   7.45082872413172E-06   7.03239578900401E-08   9.99999999999998E-15   5.82817067525521E+00   1.27652387907876E-03   3.43456727969447E-04
  4.94301E+01                1.32676229888858E-05   6.89534067121305E-06   8.06327350806519E-07   4.87576894562370E-06   1.98539134936619E-05   7.46779515845140E-06   7.03330629997172E-08   9.99999999999997E-15   5.82805062203187E+00   1.27646340806478E-03   3.43456731386629E-04
  5.00000E+01                1.32647235355281E-05   6.81312686830552E-06   8.06617599508963E-07   4.88228118490592E-06   1.98582490298182E-05   7.46930612224154E-06   7.03421299063712E-08   9.99999999999999E-15   5.82793079861735E+00   1.27640338091067E-03   3.43456734768496E-04
