# Time          5.0000E+01
# Units: Dimensionless (Log10(Q/Keq)
    Distance           Quartz           Albite           Dolomite-dis     Microcline       Pyrite           Fe(OH)3          Muscovite        Chamosite-7A     Illite           Kaolinite        Smectite-high    SiO2(am)         Calcite          POMC             O2(s)            Gibbsite     
    9.0000000E-02   -3.9712915E-01   -5.6549439E+00   -1.0692557E+01   -2.6716183E+00   -5.6351108E+01    2.1902974E-01    2.8577647E+00   -1.0469172E+01   -4.3117408E-01    3.7982691E+00   -1.1651108E+01   -3.0203764E-01   -4.9881197E+00   -3.2570301E+03    3.9091831E+00    1.9987856E+00
    2.7000000E-01   -1.3768264E-01   -4.8828095E+00   -9.9773866E+00   -1.9368163E+00   -5.6387030E+01    1.2430180E-03    3.0513864E+00   -1.0372867E+01    8.2136090E-02    3.7759817E+00   -1.0529110E+01   -4.2591125E-02   -4.6321752E+00   -3.2558070E+03    3.9086518E+00    1.7281954E+00
    4.5000000E-01    8.4061110E-03   -4.4465086E+00   -9.5179806E+00   -1.4590608E+00   -5.6476020E+01    1.5772277E-03    3.1728848E+00   -1.0367860E+01    3.7305646E-01    3.7119021E+00   -9.8493617E+00    1.0349762E-01   -4.4015924E+00   -3.2545875E+03    3.9081192E+00    1.5500669E+00
    6.3000000E-01    1.0644087E-01   -4.1427115E+00   -9.1746560E+00   -1.0988427E+00   -5.6591066E+01    1.7976816E-03    3.2863920E+00   -1.0399898E+01    5.9028005E-01    3.6612608E+00   -9.3725297E+00    2.0153238E-01   -4.2288437E+00   -3.2533716E+03    3.9075853E+00    1.4267114E+00
    8.1000000E-01    1.7821518E-01   -3.9146415E+00   -8.8976358E+00   -8.1867400E-01   -5.6719112E+01    1.9116177E-03    3.3777026E+00   -1.0463037E+01    7.5569468E-01    3.6159513E+00   -9.0148370E+00    2.7330670E-01   -4.0892741E+00   -3.2521594E+03    3.9070501E+00    1.3322824E+00
    9.9000000E-01    2.3357701E-01   -3.7353630E+00   -8.6628277E+00   -5.9627559E-01   -5.6851819E+01    1.9471986E-03    3.4468055E+00   -1.0545648E+01    8.8348818E-01    3.5733794E+00   -8.7338758E+00    3.2866852E-01   -3.9708723E+00   -3.2509506E+03    3.9065140E+00    1.2556346E+00
    1.1700000E+00    2.7777428E-01   -3.5899594E+00   -8.4570463E+00   -4.1654361E-01   -5.6983363E+01    1.9363978E-03    3.4973781E+00   -1.0636776E+01    9.8358682E-01    3.5326146E+00   -8.5048491E+00    3.7286580E-01   -3.8670533E+00   -3.2497454E+03    3.9059768E+00    1.1910549E+00
    1.3500000E+00    3.1392160E-01   -3.4693374E+00   -8.2725939E+00   -2.6885095E-01   -5.7109928E+01    1.9048129E-03    3.5333995E+00   -1.0728177E+01    1.0629777E+00    3.4932380E+00   -8.3122888E+00    4.0901312E-01   -3.7739683E+00   -3.2485435E+03    3.9054387E+00    1.1352193E+00
    1.5300000E+00    3.4401286E-01   -3.3675509E+00   -8.1047186E+00   -1.4560273E-01   -5.7229481E+01    1.8685422E-03    3.5582604E+00   -1.0814796E+01    1.1266311E+00    3.4550331E+00   -8.1462660E+00    4.3910437E-01   -3.6892374E+00   -3.2473451E+03    3.9048997E+00    1.0860256E+00
    1.7100000E+00    3.6939823E-01   -3.2805024E+00   -7.9503012E+00   -4.1308254E-02   -5.7341414E+01    1.8355197E-03    3.5746257E+00   -1.0894363E+01    1.1781278E+00    3.4178747E+00   -8.0003201E+00    4.6448974E-01   -3.6112956E+00   -3.2461499E+03    3.9043596E+00    1.0420610E+00
    1.8900000E+00    3.9107503E-01   -3.2049430E+00   -7.8070993E+00    4.8328606E-02   -5.7446074E+01    1.8083866E-03    3.5851284E+00   -1.0966156E+01    1.2206129E+00    3.3820941E+00   -7.8697749E+00    4.8616654E-01   -3.5390252E+00   -3.2448890E+03    3.9038186E+00    1.0024940E+00
    2.0700000E+00    4.2350083E-01   -2.9891004E+00   -7.6348083E+00    2.2556277E-01   -5.7564289E+01    1.3943056E-03    3.8798803E+00   -1.0855725E+01    1.5070760E+00    3.5644635E+00   -7.5650029E+00    5.1859234E-01   -3.4616271E+00   -3.1806030E+03    3.9032767E+00    1.0612528E+00
    2.2500000E+00    4.5101696E-01   -2.8989745E+00   -7.4783932E+00    2.8125250E-01   -5.7667632E+01    1.3626437E-03    3.8426184E+00   -1.0942596E+01    1.5309159E+00    3.5265441E+00   -7.4166862E+00    5.4610847E-01   -3.3903917E+00   -3.1246166E+03    3.9027337E+00    1.0147770E+00
    2.4300000E+00    4.7465637E-01   -2.8206822E+00   -7.3349694E+00    3.2845648E-01   -5.7761453E+01    1.3450632E-03    3.8058814E+00   -1.1015395E+01    1.5487679E+00    3.4898820E+00   -7.2839835E+00    5.6974788E-01   -3.3243693E+00   -3.0750297E+03    3.9021895E+00    9.7280655E-01
    2.6100000E+00    4.9515149E-01   -2.7518093E+00   -7.2024154E+00    3.6898213E-01   -5.7848666E+01    1.3341185E-03    3.7703541E+00   -1.1079119E+01    1.5623558E+00    3.4548193E+00   -7.1644528E+00    5.9024300E-01   -3.2628242E+00   -3.0305282E+03    3.9016442E+00    9.3478007E-01
    2.7900000E+00    5.1305122E-01   -2.6907053E+00   -7.0791028E+00    4.0402223E-01   -5.7930840E+01    1.3264936E-03    3.7360351E+00   -1.1136537E+01    1.5725747E+00    3.4212597E+00   -7.0561454E+00    6.0814273E-01   -3.2051666E+00   -2.9901653E+03    3.9010976E+00    9.0010053E-01
    2.9700000E+00    5.2877679E-01   -2.6361007E+00   -6.9637516E+00    4.3449349E-01   -5.8008880E+01    1.3207232E-03    3.7029064E+00   -1.1189115E+01    1.5800974E+00    3.3891108E+00   -6.9574001E+00    6.2386830E-01   -3.1509157E+00   -2.9532363E+03    3.9005500E+00    8.6830055E-01
    3.1500000E+00    5.4265796E-01   -2.5870003E+00   -6.8553352E+00    4.6111396E-01   -5.8083368E+01    1.3161282E-03    3.6709394E+00   -1.1237717E+01    1.5854396E+00    3.3582857E+00   -6.8668425E+00    6.3774947E-01   -3.0996749E+00   -2.9192024E+03    3.9000012E+00    8.3900680E-01
    3.3300000E+00    5.5495734E-01   -2.5426106E+00   -6.7530169E+00    4.8445507E-01   -5.8154731E+01    1.3123588E-03    3.6400984E+00   -1.1282919E+01    1.5890019E+00    3.3287023E+00   -6.7833472E+00    6.5004885E-01   -3.0511129E+00   -2.8876425E+03    3.8994512E+00    8.1191575E-01
    3.5100000E+00    5.6588721E-01   -2.5022905E+00   -6.6561049E+00    5.0497799E-01   -5.8223301E+01    1.3092092E-03    3.6103436E+00   -1.1325146E+01    1.5911003E+00    3.3002843E+00   -6.7059922E+00    6.6097872E-01   -3.0049503E+00   -2.8582211E+03    3.8989000E+00    7.8677686E-01
    3.6900000E+00    5.7562139E-01   -2.4655152E+00   -6.5640205E+00    5.2305941E-01   -5.8289354E+01    1.3065433E-03    3.5816325E+00   -1.1364735E+01    1.5919861E+00    3.2729601E+00   -6.6340174E+00    6.7071290E-01   -2.9609492E+00   -2.8306667E+03    3.8983478E+00    7.6338060E-01
    3.8700000E+00    5.8430389E-01   -2.4318505E+00   -6.4762741E+00    5.3901044E-01   -5.8353124E+01    1.3042643E-03    3.5539219E+00   -1.1401963E+01    1.5918619E+00    3.2466635E+00   -6.5667901E+00    6.7939540E-01   -2.9189053E+00   -2.8047564E+03    3.8977944E+00    7.4154979E-01
    4.0500000E+00    5.9205520E-01   -2.4009334E+00   -6.3924478E+00    5.5309046E-01   -5.8414813E+01    1.3022995E-03    3.5271684E+00   -1.1437060E+01    1.5908919E+00    3.2213327E+00   -6.5037797E+00    6.8714672E-01   -2.8786420E+00   -2.7803050E+03    3.8972398E+00    7.2113306E-01
    4.2300000E+00    5.9897714E-01   -2.3724580E+00   -6.3121818E+00    5.6551767E-01   -5.8474594E+01    1.3005931E-03    3.5013295E+00   -1.1470224E+01    1.5892106E+00    3.1969105E+00   -6.4445366E+00    6.9406865E-01   -2.8400056E+00   -2.7571569E+03    3.8966841E+00    7.0200001E-01
    4.4100000E+00    6.0515639E-01   -2.3461641E+00   -6.2351642E+00    5.7647710E-01   -5.8532620E+01    1.2991016E-03    3.4763638E+00   -1.1501626E+01    1.5869287E+00    3.1733438E+00   -6.3886775E+00    7.0024790E-01   -2.8028612E+00   -2.7351802E+03    3.8961273E+00    6.8403742E-01
    4.5900000E+00    6.1066736E-01   -2.3218290E+00   -6.1611226E+00    5.8612673E-01   -5.8589027E+01    1.2977901E-03    3.4522311E+00   -1.1531413E+01    1.5841384E+00    3.1505834E+00   -6.3358727E+00    7.0575887E-01   -2.7670903E+00   -2.7142620E+03    3.8955693E+00    6.6714627E-01
    4.7700000E+00    6.1557434E-01   -2.2992606E+00   -6.0898176E+00    5.9460242E-01   -5.8643933E+01    1.2966309E-03    3.4288932E+00   -1.1559715E+01    1.5809164E+00    3.1285837E+00   -6.2858369E+00    7.1066585E-01   -2.7325877E+00   -2.6943050E+03    3.8950102E+00    6.5123945E-01
    4.9500000E+00    6.1993323E-01   -2.2782922E+00   -6.0210380E+00    6.0202166E-01   -5.8697446E+01    1.2956013E-03    3.4063133E+00   -1.1586647E+01    1.5773271E+00    3.1073024E+00   -6.2383217E+00    7.1502474E-01   -2.6992600E+00   -2.6752247E+03    3.8944499E+00    6.3623990E-01
    5.1300000E+00    6.2379292E-01   -2.2587785E+00   -5.9545962E+00    6.0848667E-01   -5.8749661E+01    1.2946827E-03    3.3844567E+00   -1.1612309E+01    1.5734250E+00    3.0867001E+00   -6.1931097E+00    7.1888443E-01   -2.6670235E+00   -2.6569474E+03    3.8938885E+00    6.2207907E-01
    5.3100000E+00    6.2719642E-01   -2.2405921E+00   -5.8903247E+00    6.1408683E-01   -5.8800664E+01    1.2938598E-03    3.3632902E+00   -1.1636792E+01    1.5692561E+00    3.0667405E+00   -6.1500093E+00    7.2228793E-01   -2.6358035E+00   -2.6394080E+03    3.8933259E+00    6.0869574E-01
    5.4900000E+00    6.3018170E-01   -2.2236204E+00   -5.8280737E+00    6.1890066E-01   -5.8850531E+01    1.2931198E-03    3.3427824E+00   -1.1660178E+01    1.5648598E+00    3.0473895E+00   -6.1088512E+00    7.2527321E-01   -2.6055323E+00   -2.6225495E+03    3.8927623E+00    5.9603496E-01
    5.6700000E+00    6.3278250E-01   -2.2077640E+00   -5.7677084E+00    6.2299750E-01   -5.8899334E+01    1.2924520E-03    3.3229038E+00   -1.1682540E+01    1.5602695E+00    3.0286156E+00   -6.0694849E+00    7.2787401E-01   -2.5761490E+00   -2.6063208E+03    3.8921974E+00    5.8404724E-01
    5.8500000E+00    6.3502888E-01   -2.1929343E+00   -5.7091072E+00    6.2643878E-01   -5.8947136E+01    1.2918474E-03    3.3036263E+00   -1.1703943E+01    1.5555142E+00    3.0103896E+00   -6.0317762E+00    7.3012039E-01   -2.5475984E+00   -2.5906766E+03    3.8916315E+00    5.7268785E-01
    6.0300000E+00    6.3694777E-01   -2.1790525E+00   -5.6521600E+00    6.2927918E-01   -5.8993995E+01    1.2912983E-03    3.2849235E+00   -1.1724448E+01    1.5506187E+00    2.9926841E+00   -5.9956050E+00    7.3203928E-01   -2.5198301E+00   -2.5755763E+03    3.8910643E+00    5.6191622E-01
    6.2100000E+00    6.3856335E-01   -2.1660476E+00   -5.5967668E+00    6.3156752E-01   -5.9039963E+01    1.2907982E-03    3.2667703E+00   -1.1744110E+01    1.5456044E+00    2.9754737E+00   -5.9608631E+00    7.3365486E-01   -2.4927985E+00   -2.5609832E+03    3.8904961E+00    5.5169545E-01
    6.3900000E+00    6.3989742E-01   -2.1538561E+00   -5.5428364E+00    6.3334758E-01   -5.9085090E+01    1.2903414E-03    3.2491432E+00   -1.1762978E+01    1.5404900E+00    2.9587347E+00   -5.9274532E+00    7.3498893E-01   -2.4664615E+00   -2.5468645E+03    3.8899266E+00    5.4199187E-01
    6.5700000E+00    6.4096972E-01   -2.1424204E+00   -5.4902859E+00    6.3465870E-01   -5.9129418E+01    1.2899232E-03    3.2320200E+00   -1.1781097E+01    1.5352917E+00    2.9424450E+00   -5.8952872E+00    7.3606123E-01   -2.4407810E+00   -2.5331902E+03    3.8893560E+00    5.3277472E-01
    6.7500000E+00    6.4179816E-01   -2.1316886E+00   -5.4390390E+00    6.3553638E-01   -5.9172989E+01    1.2895393E-03    3.2153798E+00   -1.1798510E+01    1.5300235E+00    2.9265840E+00   -5.8642852E+00    7.3688968E-01   -2.4157217E+00   -2.5199333E+03    3.8887843E+00    5.2401578E-01
    6.9300000E+00    6.4239905E-01   -2.1216135E+00   -5.3890261E+00    6.3601271E-01   -5.9215839E+01    1.2891861E-03    3.1992029E+00   -1.1815255E+01    1.5246981E+00    2.9111326E+00   -5.8343747E+00    7.3749056E-01   -2.3912514E+00   -2.5070689E+03    3.8882114E+00    5.1568916E-01
    7.1100000E+00    6.4278725E-01   -2.1121523E+00   -5.3401830E+00    6.3611679E-01   -5.9258003E+01    1.2888605E-03    3.1834707E+00   -1.1831368E+01    1.5193262E+00    2.8960727E+00   -5.8054896E+00    7.3787876E-01   -2.3673402E+00   -2.4945745E+03    3.8876373E+00    5.0777103E-01
    7.2900000E+00    6.4297641E-01   -2.1032656E+00   -5.2924509E+00    6.3587509E-01   -5.9299512E+01    1.2885596E-03    3.1681659E+00   -1.1846880E+01    1.5139176E+00    2.8813879E+00   -5.7775694E+00    7.3806792E-01   -2.3439606E+00   -2.4824295E+03    3.8870621E+00    5.0023946E-01
    7.4700000E+00    6.4297903E-01   -2.0949177E+00   -5.2457756E+00    6.3531171E-01   -5.9340393E+01    1.2882809E-03    3.1532719E+00   -1.1861821E+01    1.5084807E+00    2.8670626E+00   -5.7505591E+00    7.3807054E-01   -2.3210875E+00   -2.4706147E+03    3.8864857E+00    4.9307418E-01
    7.6500000E+00    6.4280662E-01   -2.0870758E+00   -5.2001071E+00    6.3444866E-01   -5.9380672E+01    1.2880224E-03    3.1387736E+00   -1.1876221E+01    1.5030233E+00    2.8530824E+00   -5.7244082E+00    7.3789813E-01   -2.2986974E+00   -2.4591128E+03    3.8859082E+00    4.8625653E-01
    7.8300000E+00    6.4246980E-01   -2.0797096E+00   -5.1553992E+00    6.3330607E-01   -5.9420374E+01    1.2877821E-03    3.1246564E+00   -1.1890103E+01    1.4975521E+00    2.8394342E+00   -5.6990704E+00    7.3756131E-01   -2.2767688E+00   -2.4479076E+03    3.8853294E+00    4.7976923E-01
    8.0100000E+00    6.4197578E-01   -2.0727973E+00   -5.1116111E+00    6.3190587E-01   -5.9459517E+01    1.2875583E-03    3.1109143E+00   -1.1903490E+01    1.4920742E+00    2.8261043E+00   -5.6745092E+00    7.3706729E-01   -2.2552825E+00   -2.4369948E+03    3.8847495E+00    4.7359831E-01
    8.1900000E+00    6.3868861E-01   -2.0722386E+00   -5.0702697E+00    6.3354450E-01   -5.9497869E+01    1.2872997E-03    3.1048689E+00   -1.1914504E+01    1.4873054E+00    2.8118459E+00   -5.6564220E+00    7.3378012E-01   -2.2349559E+00   -2.4368074E+03    3.8841682E+00    4.6975628E-01
    8.3700000E+00    6.3532266E-01   -2.0719544E+00   -5.0296947E+00    6.3487668E-01   -5.9535925E+01    1.2871555E-03    3.0989813E+00   -1.1925557E+01    1.4825134E+00    2.7978942E+00   -5.6389838E+00    7.3041417E-01   -2.2150090E+00   -2.4366201E+03    3.8835854E+00    4.6614637E-01
    8.5500000E+00    6.3188361E-01   -2.0719327E+00   -4.9898636E+00    6.3593466E-01   -5.9573491E+01    1.2869761E-03    3.0932552E+00   -1.1936266E+01    1.4777055E+00    2.7842321E+00   -5.6220729E+00    7.2697512E-01   -2.1954313E+00   -2.4364329E+03    3.8830015E+00    4.6275435E-01
    8.7300000E+00    6.2837678E-01   -2.0721587E+00   -4.9507505E+00    6.3674082E-01   -5.9610565E+01    1.2868047E-03    3.0876911E+00   -1.1946616E+01    1.4728889E+00    2.7708482E+00   -5.6056557E+00    7.2346829E-01   -2.1762127E+00   -2.4362458E+03    3.8824164E+00    4.5956923E-01
    8.9100000E+00    6.2480717E-01   -2.0726186E+00   -4.9123305E+00    6.3731222E-01   -5.9647156E+01    1.2866434E-03    3.0822864E+00   -1.1956622E+01    1.4680703E+00    2.7577329E+00   -5.5897025E+00    7.1989868E-01   -2.1573480E+00   -2.4360587E+03    3.8818301E+00    4.5658118E-01
    9.0900000E+00    6.2117952E-01   -2.0732998E+00   -4.8745796E+00    6.3766291E-01   -5.9683271E+01    1.2864916E-03    3.0770364E+00   -1.1966297E+01    1.4632562E+00    2.7448769E+00   -5.5741783E+00    7.1627103E-01   -2.1388394E+00   -2.4358718E+03    3.8812426E+00    4.5378084E-01
    9.2700000E+00    6.1749829E-01   -2.0741914E+00   -4.8374749E+00    6.3780475E-01   -5.9718916E+01    1.2863483E-03    3.0719344E+00   -1.1975658E+01    1.4584536E+00    2.7322706E+00   -5.5590407E+00    7.1258980E-01   -2.1206981E+00   -2.4356850E+03    3.8806539E+00    4.5115892E-01
    9.4500000E+00    6.1376772E-01   -2.0752842E+00   -4.8009946E+00    6.3774783E-01   -5.9754093E+01    1.2862129E-03    3.0669720E+00   -1.1984718E+01    1.4536698E+00    2.7199039E+00   -5.5442402E+00    7.0885923E-01   -2.1029445E+00   -2.4354983E+03    3.8800640E+00    4.4870618E-01
    9.6300000E+00    6.0999184E-01   -2.0765703E+00   -4.7651186E+00    6.3750085E-01   -5.9788804E+01    1.2860847E-03    3.0621400E+00   -1.1993492E+01    1.4489124E+00    2.7077671E+00   -5.5297233E+00    7.0508336E-01   -2.0856052E+00   -2.4353116E+03    3.8794729E+00    4.4641364E-01
    9.8100000E+00    6.0617452E-01   -2.0780425E+00   -4.7298297E+00    6.3707161E-01   -5.9823044E+01    1.2859629E-03    3.0574295E+00   -1.2001994E+01    1.4441890E+00    2.6958513E+00   -5.5154390E+00    7.0126603E-01   -2.0687084E+00   -2.4351251E+03    3.8788806E+00    4.4427305E-01
    9.9900000E+00    6.0231944E-01   -2.0796940E+00   -4.6951149E+00    6.3646756E-01   -5.9856807E+01    1.2858471E-03    3.0528345E+00   -1.2010234E+01    1.4395065E+00    2.6841501E+00   -5.5013466E+00    6.9741095E-01   -2.0522773E+00   -2.4349386E+03    3.8782871E+00    4.4227753E-01
    1.0170000E+01    5.9843017E-01   -2.0815174E+00   -4.6609662E+00    6.3569639E-01   -5.9890083E+01    1.2857365E-03    3.0483526E+00   -1.2018219E+01    1.4348711E+00    2.6726609E+00   -5.4874228E+00    6.9352168E-01   -2.0363241E+00   -2.4347523E+03    3.8776924E+00    4.4042220E-01
    1.0350000E+01    5.9451017E-01   -2.0835045E+00   -4.6273812E+00    6.3476636E-01   -5.9922858E+01    1.2856307E-03    3.0439874E+00   -1.2025951E+01    1.4302875E+00    2.6613857E+00   -5.4736666E+00    6.8960168E-01   -2.0208460E+00   -2.4345660E+03    3.8770964E+00    4.3870460E-01
    1.0530000E+01    5.9056283E-01   -2.0856458E+00   -4.5943633E+00    6.3368650E-01   -5.9955113E+01    1.2855292E-03    3.0397482E+00   -1.2033427E+01    1.4257599E+00    2.6503316E+00   -5.4601008E+00    6.8565434E-01   -2.0058234E+00   -2.4343799E+03    3.8764992E+00    4.3712491E-01
    1.0710000E+01    5.8659148E-01   -2.0879313E+00   -4.5619205E+00    6.3246648E-01   -5.9986825E+01    1.2854314E-03    3.0356499E+00   -1.2040638E+01    1.4212913E+00    2.6395107E+00   -5.4467695E+00    6.8168300E-01   -1.9912217E+00   -2.4341938E+03    3.8759008E+00    4.3568577E-01
    1.0890000E+01    5.8259945E-01   -2.0903500E+00   -4.5300644E+00    6.3111644E-01   -6.0017964E+01    1.2853370E-03    3.0317122E+00   -1.2047572E+01    1.4168849E+00    2.6289390E+00   -5.4337326E+00    6.7769096E-01   -1.9769957E+00   -2.4340078E+03    3.8753012E+00    4.3439197E-01
    1.1070000E+01    5.7859002E-01   -2.0928915E+00   -4.4988097E+00    6.2964659E-01   -6.0048495E+01    1.2852453E-03    3.0279582E+00   -1.2054213E+01    1.4125443E+00    2.6186360E+00   -5.4210586E+00    6.7368153E-01   -1.9630955E+00   -2.4338219E+03    3.8747003E+00    4.3324988E-01
    1.1250000E+01    5.7456655E-01   -2.0955460E+00   -4.4681728E+00    6.2806703E-01   -6.0078375E+01    1.2851560E-03    3.0244127E+00   -1.2060544E+01    1.4082745E+00    2.6086231E+00   -5.4088177E+00    6.6965806E-01   -1.9494728E+00   -2.4336361E+03    3.8740981E+00    4.3226692E-01
    1.1430000E+01    5.7053240E-01   -2.0983049E+00   -4.4381726E+00    6.2638768E-01   -6.0107552E+01    1.2850685E-03    3.0211017E+00   -1.2066546E+01    1.4040819E+00    2.5989231E+00   -5.3970760E+00    6.6562391E-01   -1.9360870E+00   -2.4334504E+03    3.8734948E+00    4.3145108E-01
    1.1610000E+01    5.6649102E-01   -2.1011616E+00   -4.4088310E+00    6.2461857E-01   -6.0135968E+01    1.2849824E-03    3.0180516E+00   -1.2072200E+01    1.3999755E+00    2.5895594E+00   -5.3858922E+00    6.6158253E-01   -1.9229089E+00   -2.4332648E+03    3.8728901E+00    4.3081059E-01
    1.1790000E+01    5.6244596E-01   -2.1041120E+00   -4.3801736E+00    6.2277040E-01   -6.0163543E+01    1.2848971E-03    3.0152896E+00   -1.2077485E+01    1.3959666E+00    2.5805555E+00   -5.3753160E+00    6.5753748E-01   -1.9099240E+00   -2.4330792E+03    3.8722843E+00    4.3035370E-01
    1.1970000E+01    5.5840090E-01   -2.1071541E+00   -4.3522314E+00    6.2085560E-01   -6.0181549E+01    1.2848122E-03    3.0128446E+00   -1.2082383E+01    1.3920698E+00    2.5719351E+00   -5.3653890E+00    6.5349241E-01   -1.8971328E+00   -2.4328938E+03    3.8716771E+00    4.3008859E-01
    1.2150000E+01    5.5435967E-01   -2.1102890E+00   -4.3250425E+00    6.1888973E-01   -5.8140468E+01    1.2847271E-03    3.0107483E+00   -1.2086873E+01    1.3883024E+00    2.5637222E+00   -5.3561473E+00    6.4945118E-01   -1.8845509E+00   -2.4327085E+03    3.8710687E+00    4.3002337E-01
    1.2330000E+01    5.5032870E-01   -2.1135196E+00   -4.2986604E+00    6.1689603E-01   -5.2259539E+01    1.2846849E-03    3.0090352E+00   -1.2090908E+01    1.3846864E+00    2.5559409E+00   -5.3476169E+00    6.4542021E-01   -1.8722106E+00   -2.4325232E+03    3.8704590E+00    4.3016369E-01
    1.2510000E+01    5.4874874E-01   -2.3512936E+00   -4.2804355E+00    3.8196638E-01   -4.5979788E+01    2.9681751E-03    2.2983145E+00   -1.1958595E+01    8.3965526E-01    2.0769899E+00   -5.4814936E+00    6.4384025E-01   -1.8636380E+00   -2.4323385E+03    3.8698442E+00    1.9226813E-01
    1.2690000E+01    5.4717106E-01   -2.3537258E+00   -4.2623414E+00    3.8239502E-01   -4.5388589E+01    3.0196679E-03    2.2936497E+00   -1.1950188E+01    8.3590716E-01    2.0687410E+00   -5.4702874E+00    6.4226257E-01   -1.8550714E+00   -2.4321539E+03    3.8692442E+00    1.8972139E-01
    1.2870000E+01    5.4558974E-01   -2.3553446E+00   -4.2444012E+00    3.8366337E-01   -4.5054256E+01    3.0213175E-03    2.2915260E+00   -1.1954818E+01    8.3406878E-01    2.0621864E+00   -5.4618845E+00    6.4068125E-01   -1.8465268E+00   -2.4319694E+03    3.8686630E+00    1.8802537E-01
    1.3050000E+01    5.4400489E-01   -2.3569767E+00   -4.2266161E+00    3.8495912E-01   -4.4822316E+01    3.0212500E-03    2.2894780E+00   -1.1959907E+01    8.3224859E-01    2.0556729E+00   -5.4537439E+00    6.3909641E-01   -1.8380095E+00   -2.4317850E+03    3.8681005E+00    1.8635350E-01
    1.3230000E+01    5.4241664E-01   -2.3586284E+00   -4.2089883E+00    3.8629290E-01   -4.4646317E+01    3.0211276E-03    2.2875042E+00   -1.1964979E+01    8.3044363E-01    2.0491889E+00   -5.4457443E+00    6.3750815E-01   -1.8295258E+00   -2.4316006E+03    3.8675570E+00    1.8469974E-01
    1.3410000E+01    5.4082510E-01   -2.3603047E+00   -4.1915208E+00    3.8767968E-01   -4.4505663E+01    3.0210069E-03    2.2856109E+00   -1.1970026E+01    8.2865619E-01    2.0427258E+00   -5.4378805E+00    6.3591661E-01   -1.8210820E+00   -2.4314163E+03    3.8670325E+00    1.8305971E-01
    1.3590000E+01    5.3923039E-01   -2.3620111E+00   -4.1742180E+00    3.8913684E-01   -4.4389366E+01    3.0208896E-03    2.2838057E+00   -1.1975059E+01    8.2688884E-01    2.0362739E+00   -5.4301528E+00    6.3432190E-01   -1.8126851E+00   -2.4312322E+03    3.8665271E+00    1.8142848E-01
    1.3770000E+01    5.3763262E-01   -2.3637539E+00   -4.1570850E+00    3.9068447E-01   -4.4290864E+01    3.0207757E-03    2.2820975E+00   -1.1980087E+01    8.2514441E-01    2.0298226E+00   -5.4225631E+00    6.3272414E-01   -1.8043418E+00   -2.4310481E+03    3.8660408E+00    1.7980058E-01
    1.3950000E+01    5.3603192E-01   -2.3655404E+00   -4.1401287E+00    3.9234565E-01   -4.4205923E+01    3.0206651E-03    2.2804974E+00   -1.1985122E+01    8.2342602E-01    2.0233599E+00   -5.4151163E+00    6.3112344E-01   -1.7960580E+00   -2.4308640E+03    3.8655738E+00    1.7816996E-01
    1.4130000E+01    5.3442840E-01   -2.3673785E+00   -4.1233572E+00    3.9414666E-01   -4.4131646E+01    3.0205577E-03    2.2790186E+00   -1.1990178E+01    8.2173705E-01    2.0168731E+00   -5.4078206E+00    6.2951991E-01   -1.7878381E+00   -2.4306801E+03    3.8651261E+00    1.7653007E-01
    1.4310000E+01    5.3282218E-01   -2.3692768E+00   -4.1067803E+00    3.9611728E-01   -4.4065964E+01    3.0204534E-03    2.2776771E+00   -1.1995269E+01    8.2008110E-01    2.0103485E+00   -5.4006897E+00    6.2791369E-01   -1.7796840E+00   -2.4304963E+03    3.8646979E+00    1.7487398E-01
    1.4490000E+01    5.3121336E-01   -2.3712445E+00   -4.0904099E+00    3.9829099E-01   -4.4007347E+01    3.0203522E-03    2.2764919E+00   -1.2000408E+01    8.1846196E-01    2.0037720E+00   -5.3937443E+00    6.2630487E-01   -1.7715927E+00   -2.4303125E+03    3.8642892E+00    1.7319455E-01
    1.4670000E+01    5.2960208E-01   -2.3732912E+00   -4.0742598E+00    4.0070511E-01   -4.3954627E+01    3.0202538E-03    2.2754863E+00   -1.2005609E+01    8.1688352E-01    1.9971297E+00   -5.3870148E+00    6.2469359E-01   -1.7635549E+00   -2.4301288E+03    3.8639001E+00    1.7148468E-01
    1.4850000E+01    5.2798845E-01   -2.3754265E+00   -4.0583463E+00    4.0340084E-01   -4.3906892E+01    3.0201582E-03    2.2746879E+00   -1.2010885E+01    8.1534971E-01    1.9904083E+00   -5.3805432E+00    6.2307996E-01   -1.7555527E+00   -2.4299453E+03    3.8635306E+00    1.6973761E-01
    1.5030000E+01    5.2637259E-01   -2.3776600E+00   -4.0426885E+00    4.0642309E-01   -4.3863415E+01    3.0200653E-03    2.2741293E+00   -1.2016250E+01    8.1386444E-01    1.9835957E+00   -5.3743853E+00    6.2146410E-01   -1.7475581E+00   -2.4297618E+03    3.8631809E+00    1.6794720E-01
    1.5210000E+01    5.2475463E-01   -2.3800009E+00   -4.0273085E+00    4.0982013E-01   -4.3823602E+01    3.0199749E-03    2.2738485E+00   -1.2021713E+01    8.1243153E-01    1.9766819E+00   -5.3686122E+00    6.1984615E-01   -1.7395324E+00   -2.4295783E+03    3.8628511E+00    1.6610824E-01
    1.5390000E+01    5.2313472E-01   -2.3824581E+00   -4.0122323E+00    4.1364288E-01   -4.3786962E+01    3.0198867E-03    2.2738881E+00   -1.2027281E+01    8.1105472E-01    1.9696589E+00   -5.3633096E+00    6.1822623E-01   -1.7314262E+00   -2.4293950E+03    3.8625412E+00    1.6421667E-01
    1.5570000E+01    5.2151299E-01   -2.3850397E+00   -3.9974901E+00    4.1794385E-01   -4.3753083E+01    3.0198007E-03    2.2742952E+00   -1.2032961E+01    8.0973764E-01    1.9625216E+00   -5.3585764E+00    6.1660451E-01   -1.7231829E+00   -2.4292118E+03    3.8622514E+00    1.6226973E-01
    1.5750000E+01    5.1988961E-01   -2.3877535E+00   -3.9831179E+00    4.2277582E-01   -4.3721610E+01    3.0197166E-03    2.2751197E+00   -1.2038754E+01    8.0848397E-01    1.9552674E+00   -5.3545216E+00    6.1498112E-01   -1.7147420E+00   -2.4290286E+03    3.8619816E+00    1.6026602E-01
    1.5930000E+01    5.1826473E-01   -2.3906067E+00   -3.9691580E+00    4.2819009E-01   -4.3692234E+01    3.0196341E-03    2.2764129E+00   -1.2044661E+01    8.0729745E-01    1.9478966E+00   -5.3512591E+00    6.1335624E-01   -1.7060455E+00   -2.4288456E+03    3.8617321E+00    1.5820549E-01
    1.6110000E+01    5.1663854E-01   -2.3936067E+00   -3.9556612E+00    4.3423449E-01   -4.3664684E+01    3.0195530E-03    2.2782251E+00   -1.2050679E+01    8.0618207E-01    1.9404120E+00   -5.3489024E+00    6.1173006E-01   -1.6970450E+00   -2.4286626E+03    3.8615029E+00    1.5608938E-01
    1.6290000E+01    5.1501125E-01   -2.3967604E+00   -3.9426868E+00    4.4095129E-01   -4.3638715E+01    3.0194730E-03    2.2806035E+00   -1.2056802E+01    8.0514215E-01    1.9328190E+00   -5.3475581E+00    6.1010276E-01   -1.6877086E+00   -2.4284798E+03    3.8612941E+00    1.5392018E-01
    1.6470000E+01    5.1338306E-01   -2.4000752E+00   -3.9303040E+00    4.4837495E-01   -4.3614102E+01    3.0193936E-03    2.2835901E+00   -1.2063023E+01    8.0418249E-01    1.9251256E+00   -5.3473201E+00    6.0847457E-01   -1.6780270E+00   -2.4282970E+03    3.8611057E+00    1.5170166E-01
    1.6650000E+01    5.1175423E-01   -2.4035587E+00   -3.9185912E+00    4.5653001E-01   -4.3590637E+01    3.0193145E-03    2.2872198E+00   -1.2069331E+01    8.0330848E-01    1.9173426E+00   -5.3482648E+00    6.0684574E-01   -1.6680187E+00   -2.4281143E+03    3.8609379E+00    1.4943899E-01
    1.6830000E+01    5.1012502E-01   -2.4072185E+00   -3.9076343E+00    4.6542920E-01   -4.3568123E+01    3.0192353E-03    2.2915189E+00   -1.2075712E+01    8.0252615E-01    1.9094841E+00   -5.3504473E+00    6.0521653E-01   -1.6577314E+00   -2.4279317E+03    3.8607908E+00    1.4713893E-01
    1.7010000E+01    5.0849573E-01   -2.4110624E+00   -3.8975243E+00    4.7507177E-01   -4.3546370E+01    3.0191553E-03    2.2965040E+00   -1.2082149E+01    8.0184228E-01    1.9015680E+00   -5.3538990E+00    6.0358725E-01   -1.6472420E+00   -2.4277492E+03    3.8606644E+00    1.4481020E-01
    1.7190000E+01    5.0686671E-01   -2.4150982E+00   -3.8883536E+00    4.8544236E-01   -4.3525193E+01    3.0190739E-03    2.3021819E+00   -1.2088618E+01    8.0126446E-01    1.8936172E+00   -5.3586273E+00    6.0195822E-01   -1.6366534E+00   -2.4275669E+03    3.8605588E+00    1.4246384E-01
    1.7370000E+01    5.0523831E-01   -2.4193333E+00   -3.8802124E+00    4.9651027E-01   -4.3504404E+01    3.0189905E-03    2.3085497E+00   -1.2095093E+01    8.0080118E-01    1.8856604E+00   -5.3646166E+00    6.0032982E-01   -1.6260896E+00   -2.4273846E+03    3.8604742E+00    1.4011380E-01
    1.7550000E+01    5.0361097E-01   -2.4237746E+00   -3.8731848E+00    5.0822928E-01   -4.3483818E+01    3.0189042E-03    2.3155959E+00   -1.2101537E+01    8.0046189E-01    1.8777329E+00   -5.3718312E+00    5.9870248E-01   -1.6156891E+00   -2.4272024E+03    3.8604106E+00    1.3777739E-01
    1.7730000E+01    5.0198516E-01   -2.4284284E+00   -3.8673456E+00    5.2053804E-01   -4.3463241E+01    3.0188142E-03    2.3233016E+00   -1.2107909E+01    8.0025718E-01    1.8698782E+00   -5.3802189E+00    5.9707668E-01   -1.6055988E+00   -2.4270203E+03    3.8603681E+00    1.3547584E-01
    1.7910000E+01    5.0036304E-01   -2.4332945E+00   -3.8627625E+00    5.3334626E-01   -4.3442496E+01    3.0187191E-03    2.3316330E+00   -1.2114149E+01    8.0019869E-01    1.8621571E+00   -5.3897052E+00    5.9545455E-01   -1.5959760E+00   -2.4268385E+03    3.8603468E+00    1.3323745E-01
