# Time          5.0000E+01
# Units: Mol/kgw
    Distance           H+               Li+              Na+              Ca++             K+               Al+++            SiO2(aq)         CO2(aq)          O2(aq)           Methane(aq)      Fe++             Fe+++            HS-              SO4--            Mg++             Cl-              CH2O             Tracer       
    9.0000000E-02   -2.5177354E-04    1.0000000E-04    1.3264724E-05    7.4693061E-06    6.8131269E-06    8.0661760E-07    1.9858249E-05    1.2764034E-03    3.4345673E-04    3.5589874E-07    7.0342130E-08    2.5832414E-11    1.0000000E-14    1.0000000E-14    4.8822812E-06    1.0000000E-14    5.3450102E-04    1.0000000E-30
    2.7000000E-01   -2.8182991E-04    1.0000000E-04    2.1514323E-05    1.3425882E-05    1.0139739E-05    3.4584979E-07    3.6089718E-05    1.2921048E-03    3.4343258E-04    3.5589603E-07    8.5933766E-08    1.2246369E-11    1.0000000E-14    1.0000000E-14    8.8413657E-06    1.0000000E-14    5.3600356E-04    1.0000000E-30
    4.5000000E-01   -3.1086838E-04    1.0000000E-04    2.8932112E-05    1.8647622E-05    1.5000909E-05    1.9014299E-07    5.0520598E-05    1.3070579E-03    3.4340856E-04    3.5589350E-07    8.9719798E-08    9.8956284E-12    1.0000000E-14    1.0000000E-14    1.2229156E-05    1.0000000E-14    5.3750610E-04    1.0000000E-30
    6.3000000E-01   -3.3856284E-04    1.0000000E-04    3.5687655E-05    2.3248851E-05    2.1069833E-05    1.2200112E-07    6.3313997E-05    1.3211124E-03    3.4338467E-04    3.5589115E-07    8.5721393E-08    8.1992796E-12    1.0000000E-14    1.0000000E-14    1.5169140E-05    1.0000000E-14    5.3900864E-04    1.0000000E-30
    8.1000000E-01   -3.6498894E-04    1.0000000E-04    4.1899994E-05    2.7393147E-05    2.7889521E-05    8.5541567E-08    7.4691424E-05    1.3343371E-03    3.4336090E-04    3.5588896E-07    7.7698971E-08    6.9295900E-12    1.0000000E-14    1.0000000E-14    1.7784594E-05    1.0000000E-14    5.4051118E-04    1.0000000E-30
    9.9000000E-01   -3.9028069E-04    1.0000000E-04    4.7655967E-05    3.1233768E-05    3.5030806E-05    6.3589901E-08    8.4845617E-05    1.3468209E-03    3.4333722E-04    3.5588689E-07    6.8420308E-08    5.9500597E-12    1.0000000E-14    1.0000000E-14    2.0183426E-05    1.0000000E-14    5.4201372E-04    1.0000000E-30
    1.1700000E+00   -4.1456257E-04    1.0000000E-04    5.3021660E-05    3.4885830E-05    4.2179465E-05    4.9298816E-08    9.3934186E-05    1.3586392E-03    3.4331360E-04    3.5588492E-07    5.9523962E-08    5.1754757E-12    1.0000000E-14    1.0000000E-14    2.2445461E-05    1.0000000E-14    5.4351626E-04    1.0000000E-30
    1.3500000E+00   -4.3794085E-04    1.0000000E-04    5.8049117E-05    3.8423270E-05    4.9147459E-05    3.9456773E-08    1.0208645E-04    1.3698510E-03    3.4329004E-04    3.5588303E-07    5.1744003E-08    4.5502557E-12    1.0000000E-14    1.0000000E-14    2.4621983E-05    1.0000000E-14    5.4501880E-04    1.0000000E-30
    1.5300000E+00   -4.6050508E-04    1.0000000E-04    6.2780285E-05    4.1888090E-05    5.5844180E-05    3.2383299E-08    1.0940988E-04    1.3805015E-03    3.4326651E-04    3.5588121E-07    4.5245700E-08    4.0367417E-12    1.0000000E-14    1.0000000E-14    2.6742440E-05    1.0000000E-14    5.4652134E-04    1.0000000E-30
    1.7100000E+00   -4.8233092E-04    1.0000000E-04    6.7249502E-05    4.5301467E-05    6.2241162E-05    2.7125883E-08    1.1599497E-04    1.3906241E-03    3.4324301E-04    3.5587944E-07    3.9914098E-08    3.6086020E-12    1.0000000E-14    1.0000000E-14    2.8822103E-05    1.0000000E-14    5.4802397E-04    1.0000000E-30
    1.8900000E+00   -5.0348846E-04    1.0000000E-04    7.1487299E-05    4.8673632E-05    6.8341317E-05    2.3118861E-08    1.2193077E-04    1.4002484E-03    3.4321953E-04    3.5587773E-07    3.5539827E-08    3.2468682E-12    1.0000000E-14    1.0000000E-14    3.0870116E-05    1.0000000E-14    5.4961397E-04    1.0000000E-30
    2.0700000E+00   -5.2582414E-04    1.0000000E-04    7.7684731E-05    5.2891222E-05    6.7946935E-05    2.4773958E-08    1.3138206E-04    1.4111714E-03    3.4319570E-04    3.5587568E-07    3.0734019E-08    2.9175131E-12    1.0000000E-14    1.0000000E-14    3.4921167E-05    1.0000000E-14    6.3729532E-04    1.0000000E-30
    2.2500000E+00   -5.4742710E-04    1.0000000E-04    8.3578524E-05    5.7015938E-05    6.7527594E-05    2.0975214E-08    1.3997460E-04    1.4217045E-03    3.4317190E-04    3.5587369E-07    2.7301730E-08    2.6405256E-12    1.0000000E-14    1.0000000E-14    3.8869836E-05    1.0000000E-14    7.2497689E-04    1.0000000E-30
    2.4300000E+00   -5.6838255E-04    1.0000000E-04    8.9199297E-05    6.1054662E-05    6.7088595E-05    1.8049433E-08    1.4780385E-04    1.4318921E-03    3.4314812E-04    3.5587177E-07    2.4632102E-08    2.4030304E-12    1.0000000E-14    1.0000000E-14    4.2725006E-05    1.0000000E-14    8.1265869E-04    1.0000000E-30
    2.6100000E+00   -5.8874613E-04    1.0000000E-04    9.4572937E-05    6.5013359E-05    6.6634032E-05    1.5754584E-08    1.5494518E-04    1.4417671E-03    3.4312436E-04    3.5586989E-07    2.2437283E-08    2.1974686E-12    1.0000000E-14    1.0000000E-14    4.6494199E-05    1.0000000E-14    9.0034073E-04    1.0000000E-30
    2.7900000E+00   -6.0856618E-04    1.0000000E-04    9.9721555E-05    6.8897239E-05    6.6167384E-05    1.3921683E-08    1.6146376E-04    1.4513578E-03    3.4310061E-04    3.5586807E-07    2.0573264E-08    2.0180731E-12    1.0000000E-14    1.0000000E-14    5.0183971E-05    1.0000000E-14    9.8802301E-04    1.0000000E-30
    2.9700000E+00   -6.2788484E-04    1.0000000E-04    1.0466421E-04    7.2710893E-05    6.5691591E-05    1.2434910E-08    1.6741638E-04    1.4606886E-03    3.4307686E-04    3.5586628E-07    1.8959596E-08    1.8603673E-12    1.0000000E-14    1.0000000E-14    5.3800060E-05    1.0000000E-14    1.0757055E-03    1.0000000E-30
    3.1500000E+00   -6.4673906E-04    1.0000000E-04    1.0941748E-04    7.6458394E-05    6.5209133E-05    1.1212694E-08    1.7285283E-04    1.4697807E-03    3.4305312E-04    3.5586454E-07    1.7545284E-08    1.7208249E-12    1.0000000E-14    1.0000000E-14    5.7347513E-05    1.0000000E-14    1.1633883E-03    1.0000000E-30
    3.3300000E+00   -6.6516137E-04    1.0000000E-04    1.1399585E-04    8.0143378E-05    6.4722099E-05    1.0196220E-08    1.7781702E-04    1.4786526E-03    3.4302938E-04    3.5586284E-07    1.6294513E-08    1.5966314E-12    1.0000000E-14    1.0000000E-14    6.0830791E-05    1.0000000E-14    1.2510712E-03    1.0000000E-30
    3.5100000E+00   -6.8318059E-04    1.0000000E-04    1.1841211E-04    8.3769110E-05    6.4232245E-05    9.3421988E-09    1.8234787E-04    1.4873204E-03    3.4300564E-04    3.5586117E-07    1.5180393E-08    1.4855151E-12    1.0000000E-14    1.0000000E-14    6.4253857E-05    1.0000000E-14    1.3387544E-03    1.0000000E-30
    3.6900000E+00   -7.0082232E-04    1.0000000E-04    1.2267759E-04    8.7338537E-05    6.3741045E-05    8.6181973E-09    1.8648007E-04    1.4957986E-03    3.4298189E-04    3.5585953E-07    1.4181934E-08    1.3856231E-12    1.0000000E-14    1.0000000E-14    6.7620241E-05    1.0000000E-14    1.4264379E-03    1.0000000E-30
    3.8700000E+00   -7.1810947E-04    1.0000000E-04    1.2680239E-04    9.0854332E-05    6.3249736E-05    7.9995222E-09    1.9024467E-04    1.5040998E-03    3.4295813E-04    3.5585793E-07    1.3282355E-08    1.2954301E-12    1.0000000E-14    1.0000000E-14    7.0933109E-05    1.0000000E-14    1.5141215E-03    1.0000000E-30
    4.0500000E+00   -7.3506261E-04    1.0000000E-04    1.3079555E-04    9.4318928E-05    6.2759351E-05    7.4671049E-09    1.9366960E-04    1.5122353E-03    3.4293436E-04    3.5585635E-07    1.2468022E-08    1.2136699E-12    1.0000000E-14    1.0000000E-14    7.4195307E-05    1.0000000E-14    1.6018054E-03    1.0000000E-30
    4.2300000E+00   -7.5170026E-04    1.0000000E-04    1.3466522E-04    9.7734550E-05    6.2270755E-05    7.0060306E-09    1.9678005E-04    1.5202153E-03    3.4291059E-04    3.5585480E-07    1.1727723E-08    1.1392829E-12    1.0000000E-14    1.0000000E-14    7.7409404E-05    1.0000000E-14    1.6894896E-03    1.0000000E-30
    4.4100000E+00   -7.6803918E-04    1.0000000E-04    1.3841875E-04    1.0110324E-04    6.1784671E-05    6.6044980E-09    1.9959884E-04    1.5280489E-03    3.4288680E-04    3.5585327E-07    1.1052138E-08    1.0713764E-12    1.0000000E-14    1.0000000E-14    8.0577730E-05    1.0000000E-14    1.7771739E-03    1.0000000E-30
    4.5900000E+00   -7.8409462E-04    1.0000000E-04    1.4206282E-04    1.0442688E-04    6.1301698E-05    6.2530705E-09    2.0214674E-04    1.5357443E-03    3.4286300E-04    3.5585176E-07    1.0433452E-08    1.0091931E-12    1.0000000E-14    1.0000000E-14    8.3702405E-05    1.0000000E-14    1.8648585E-03    1.0000000E-30
    4.7700000E+00   -7.9988045E-04    1.0000000E-04    1.4560352E-04    1.0770721E-04    6.0822333E-05    5.9441298E-09    2.0444265E-04    1.5433091E-03    3.4283918E-04    3.5585028E-07    9.8650602E-09    9.5208657E-13    1.0000000E-14    1.0000000E-14    8.6785361E-05    1.0000000E-14    1.9525433E-03    1.0000000E-30
    4.9500000E+00   -8.1540937E-04    1.0000000E-04    1.4904639E-04    1.1094583E-04    6.0346984E-05    5.6714712E-09    2.0650388E-04    1.5507501E-03    3.4281534E-04    3.5584882E-07    9.3413416E-09    8.9950227E-13    1.0000000E-14    1.0000000E-14    8.9828372E-05    1.0000000E-14    2.0402283E-03    1.0000000E-30
    5.1300000E+00   -8.3069302E-04    1.0000000E-04    1.5239653E-04    1.1414423E-04    5.9875988E-05    5.4300000E-09    2.0834628E-04    1.5580735E-03    3.4279149E-04    3.5584737E-07    8.8574788E-09    8.5096160E-13    1.0000000E-14    1.0000000E-14    9.2833062E-05    1.0000000E-14    2.1279136E-03    1.0000000E-30
    5.3100000E+00   -8.4574211E-04    1.0000000E-04    1.5565862E-04    1.1730382E-04    5.9409617E-05    5.2155018E-09    2.0998445E-04    1.5652853E-03    3.4276762E-04    3.5584595E-07    8.4093203E-09    8.0604969E-13    1.0000000E-14    1.0000000E-14    9.5800932E-05    1.0000000E-14    2.2155991E-03    1.0000000E-30
    5.4900000E+00   -8.6056653E-04    1.0000000E-04    1.5883696E-04    1.2042589E-04    5.8948089E-05    5.0244663E-09    2.1143181E-04    1.5723906E-03    3.4274373E-04    3.5584454E-07    7.9932686E-09    7.6440517E-13    1.0000000E-14    1.0000000E-14    9.8733366E-05    1.0000000E-14    2.3032848E-03    1.0000000E-30
    5.6700000E+00   -8.7517541E-04    1.0000000E-04    1.6193555E-04    1.2351165E-04    5.8491577E-05    4.8539505E-09    2.1270077E-04    1.5793945E-03    3.4271981E-04    3.5584315E-07    7.6061907E-09    7.2571200E-13    1.0000000E-14    1.0000000E-14    1.0163165E-04    1.0000000E-14    2.3909707E-03    1.0000000E-30
    5.8500000E+00   -8.8957723E-04    1.0000000E-04    1.6495808E-04    1.2656225E-04    5.8040217E-05    4.7014725E-09    2.1380282E-04    1.5863017E-03    3.4269588E-04    3.5584178E-07    7.2453453E-09    6.8969263E-13    1.0000000E-14    1.0000000E-14    1.0449697E-04    1.0000000E-14    2.4786569E-03    1.0000000E-30
    6.0300000E+00   -9.0377986E-04    1.0000000E-04    1.6790798E-04    1.2957875E-04    5.7594110E-05    4.5649276E-09    2.1474858E-04    1.5931164E-03    3.4267192E-04    3.5584042E-07    6.9083237E-09    6.5610241E-13    1.0000000E-14    1.0000000E-14    1.0733043E-04    1.0000000E-14    2.5663433E-03    1.0000000E-30
    6.2100000E+00   -9.1779065E-04    1.0000000E-04    1.7078843E-04    1.3256216E-04    5.7153329E-05    4.4425215E-09    2.1554795E-04    1.5998429E-03    3.4264794E-04    3.5583907E-07    6.5930012E-09    6.2472495E-13    1.0000000E-14    1.0000000E-14    1.1013308E-04    1.0000000E-14    2.6540299E-03    1.0000000E-30
    6.3900000E+00   -9.3161646E-04    1.0000000E-04    1.7360241E-04    1.3551344E-04    5.6717922E-05    4.3327171E-09    2.1621012E-04    1.6064850E-03    3.4262394E-04    3.5583774E-07    6.2974964E-09    5.9536819E-13    1.0000000E-14    1.0000000E-14    1.1290588E-04    1.0000000E-14    2.7417167E-03    1.0000000E-30
    6.5700000E+00   -9.4526368E-04    1.0000000E-04    1.7635269E-04    1.3843348E-04    5.6287919E-05    4.2341918E-09    2.1674366E-04    1.6130464E-03    3.4259991E-04    3.5583642E-07    6.0201374E-09    5.6786118E-13    1.0000000E-14    1.0000000E-14    1.1564973E-04    1.0000000E-14    2.8294038E-03    1.0000000E-30
    6.7500000E+00   -9.5873834E-04    1.0000000E-04    1.7904190E-04    1.4132313E-04    5.5863331E-05    4.1458025E-09    2.1715655E-04    1.6195308E-03    3.4257585E-04    3.5583512E-07    5.7594345E-09    5.4205128E-13    1.0000000E-14    1.0000000E-14    1.1836550E-04    1.0000000E-14    2.9170911E-03    1.0000000E-30
    6.9300000E+00   -9.7204608E-04    1.0000000E-04    1.8167245E-04    1.4418320E-04    5.5444153E-05    4.0665575E-09    2.1745626E-04    1.6259416E-03    3.4255177E-04    3.5583382E-07    5.5140555E-09    5.1780183E-13    1.0000000E-14    1.0000000E-14    1.2105398E-04    1.0000000E-14    3.0047786E-03    1.0000000E-30
    7.1100000E+00   -9.8519223E-04    1.0000000E-04    1.8424665E-04    1.4701445E-04    5.5030370E-05    3.9955929E-09    2.1764980E-04    1.6322823E-03    3.4252766E-04    3.5583254E-07    5.2828063E-09    4.9499020E-13    1.0000000E-14    1.0000000E-14    1.2371593E-04    1.0000000E-14    3.0924663E-03    1.0000000E-30
    7.2900000E+00   -9.9818179E-04    1.0000000E-04    1.8676665E-04    1.4981762E-04    5.4621954E-05    3.9321536E-09    2.1774369E-04    1.6385561E-03    3.4250352E-04    3.5583127E-07    5.0646135E-09    4.7350604E-13    1.0000000E-14    1.0000000E-14    1.2635206E-04    1.0000000E-14    3.1801542E-03    1.0000000E-30
    7.4700000E+00   -1.0110195E-03    1.0000000E-04    1.8923448E-04    1.5259340E-04    5.4218868E-05    3.8755774E-09    2.1774409E-04    1.6447664E-03    3.4247936E-04    3.5583001E-07    4.8585102E-09    4.5324985E-13    1.0000000E-14    1.0000000E-14    1.2896306E-04    1.0000000E-14    3.2678424E-03    1.0000000E-30
    7.6500000E+00   -1.0237099E-03    1.0000000E-04    1.9165208E-04    1.5534245E-04    5.3821068E-05    3.8252820E-09    2.1765676E-04    1.6509166E-03    3.4245517E-04    3.5582876E-07    4.6636234E-09    4.3413176E-13    1.0000000E-14    1.0000000E-14    1.3154957E-04    1.0000000E-14    3.3555308E-03    1.0000000E-30
    7.8300000E+00   -1.0362572E-03    1.0000000E-04    1.9402126E-04    1.5806540E-04    5.3428504E-05    3.7807531E-09    2.1748713E-04    1.6570100E-03    3.4243094E-04    3.5582752E-07    4.4791632E-09    4.1607038E-13    1.0000000E-14    1.0000000E-14    1.3411219E-04    1.0000000E-14    3.4432193E-03    1.0000000E-30
    8.0100000E+00   -1.0486654E-03    1.0000000E-04    1.9634373E-04    1.6076259E-04    5.3042257E-05    3.7415529E-09    2.1723899E-04    1.6630500E-03    3.4240669E-04    3.5582629E-07    4.3044140E-09    3.9899191E-13    1.0000000E-14    1.0000000E-14    1.3665125E-04    1.0000000E-14    3.5308208E-03    1.0000000E-30
    8.1900000E+00   -1.0609375E-03    1.0000000E-04    1.9860937E-04    1.6314990E-04    5.3787134E-05    3.7245938E-09    2.1560008E-04    1.6690368E-03    3.4238244E-04    3.5582512E-07    4.1408824E-09    3.8280956E-13    1.0000000E-14    1.0000000E-14    1.3889491E-04    1.0000000E-14    3.5323311E-03    1.0000000E-30
    8.3700000E+00   -1.0730771E-03    1.0000000E-04    2.0083218E-04    1.6551398E-04    5.4519736E-05    3.7115312E-09    2.1393473E-04    1.6749736E-03    3.4235815E-04    3.5582395E-07    3.9836078E-09    3.6748137E-13    1.0000000E-14    1.0000000E-14    1.4112310E-04    1.0000000E-14    3.5338413E-03    1.0000000E-30
    8.5500000E+00   -1.0850878E-03    1.0000000E-04    2.0301358E-04    1.6785446E-04    5.5242792E-05    3.7020900E-09    2.1224653E-04    1.6808663E-03    3.4233383E-04    3.5582279E-07    3.8341159E-09    3.5295404E-13    1.0000000E-14    1.0000000E-14    1.4333590E-04    1.0000000E-14    3.5353515E-03    1.0000000E-30
    8.7300000E+00   -1.0969730E-03    1.0000000E-04    2.0515492E-04    1.7017063E-04    5.5957539E-05    3.6960426E-09    2.1053879E-04    1.6867188E-03    3.4230948E-04    3.5582164E-07    3.6920616E-09    3.3917659E-13    1.0000000E-14    1.0000000E-14    1.4553445E-04    1.0000000E-14    3.5368617E-03    1.0000000E-30
    8.9100000E+00   -1.1087360E-03    1.0000000E-04    2.0725751E-04    1.7246025E-04    5.6664655E-05    3.6931866E-09    2.0881461E-04    1.6925352E-03    3.4228509E-04    3.5582050E-07    3.5570055E-09    3.2610249E-13    1.0000000E-14    1.0000000E-14    1.4772165E-04    1.0000000E-14    3.5383718E-03    1.0000000E-30
    9.0900000E+00   -1.1203801E-03    1.0000000E-04    2.0932260E-04    1.7471836E-04    5.7364614E-05    3.6933357E-09    2.0707688E-04    1.6983200E-03    3.4226068E-04    3.5581936E-07    3.4285383E-09    3.1368929E-13    1.0000000E-14    1.0000000E-14    1.4990315E-04    1.0000000E-14    3.5398820E-03    1.0000000E-30
    9.2700000E+00   -1.1319082E-03    1.0000000E-04    2.1135139E-04    1.7693649E-04    5.8057818E-05    3.6963150E-09    2.0532829E-04    1.7040780E-03    3.4223623E-04    3.5581823E-07    3.3062861E-09    3.0189825E-13    1.0000000E-14    1.0000000E-14    1.5208819E-04    1.0000000E-14    3.5413922E-03    1.0000000E-30
    9.4500000E+00   -1.1433233E-03    1.0000000E-04    2.1334506E-04    1.7910248E-04    5.8744646E-05    3.7019577E-09    2.0357135E-04    1.7098142E-03    3.4221174E-04    3.5581711E-07    3.1899083E-09    2.9069403E-13    1.0000000E-14    1.0000000E-14    1.5428961E-04    1.0000000E-14    3.5429023E-03    1.0000000E-30
    9.6300000E+00   -1.1546283E-03    1.0000000E-04    2.1530473E-04    1.8120142E-04    5.9425471E-05    3.7101055E-09    2.0180839E-04    1.7155345E-03    3.4218722E-04    3.5581600E-07    3.0790947E-09    2.8004441E-13    1.0000000E-14    1.0000000E-14    1.5652303E-04    1.0000000E-14    3.5444124E-03    1.0000000E-30
    9.8100000E+00   -1.1658260E-03    1.0000000E-04    2.1723152E-04    1.8321766E-04    6.0100654E-05    3.7206108E-09    2.0004161E-04    1.7212451E-03    3.4216267E-04    3.5581489E-07    2.9735637E-09    2.6992005E-13    1.0000000E-14    1.0000000E-14    1.5880474E-04    1.0000000E-14    3.5459225E-03    1.0000000E-30
    9.9900000E+00   -1.1769191E-03    1.0000000E-04    2.1912648E-04    1.8513761E-04    6.0770535E-05    3.7333399E-09    1.9827307E-04    1.7269527E-03    3.4213808E-04    3.5581378E-07    2.8730599E-09    2.6029429E-13    1.0000000E-14    1.0000000E-14    1.6114903E-04    1.0000000E-14    3.5474326E-03    1.0000000E-30
    1.0170000E+01   -1.1879105E-03    1.0000000E-04    2.2099066E-04    1.8695250E-04    6.1435415E-05    3.7481772E-09    1.9650470E-04    1.7326651E-03    3.4211345E-04    3.5581269E-07    2.7773527E-09    2.5114296E-13    1.0000000E-14    1.0000000E-14    1.6356533E-04    1.0000000E-14    3.5489427E-03    1.0000000E-30
    1.0350000E+01   -1.1988026E-03    1.0000000E-04    2.2282508E-04    1.8866066E-04    6.2095548E-05    3.7650275E-09    1.9473832E-04    1.7383908E-03    3.4208879E-04    3.5581160E-07    2.6862350E-09    2.4244426E-13    1.0000000E-14    1.0000000E-14    1.6605605E-04    1.0000000E-14    3.5504527E-03    1.0000000E-30
    1.0530000E+01   -1.2095983E-03    1.0000000E-04    2.2463073E-04    1.9026845E-04    6.2751138E-05    3.7838160E-09    1.9297568E-04    1.7441393E-03    3.4206409E-04    3.5581051E-07    2.5995219E-09    2.3417859E-13    1.0000000E-14    1.0000000E-14    1.6861553E-04    1.0000000E-14    3.5519628E-03    1.0000000E-30
    1.0710000E+01   -1.2203001E-03    1.0000000E-04    2.2640859E-04    1.9178996E-04    6.3402348E-05    3.8044864E-09    1.9121843E-04    1.7499213E-03    3.4203936E-04    3.5580943E-07    2.5170503E-09    2.2632850E-13    1.0000000E-14    1.0000000E-14    1.7123047E-04    1.0000000E-14    3.5534728E-03    1.0000000E-30
    1.0890000E+01   -1.2309109E-03    1.0000000E-04    2.2815961E-04    1.9324534E-04    6.4049330E-05    3.8269959E-09    1.8946816E-04    1.7557487E-03    3.4201458E-04    3.5580835E-07    2.4386777E-09    2.1887858E-13    1.0000000E-14    1.0000000E-14    1.7388151E-04    1.0000000E-14    3.5549829E-03    1.0000000E-30
    1.1070000E+01   -1.2414333E-03    1.0000000E-04    2.2988475E-04    1.9465838E-04    6.4692265E-05    3.8513096E-09    1.8772641E-04    1.7616351E-03    3.4198978E-04    3.5580728E-07    2.3642825E-09    2.1181543E-13    1.0000000E-14    1.0000000E-14    1.7654568E-04    1.0000000E-14    3.5564929E-03    1.0000000E-30
    1.1250000E+01   -1.2518702E-03    1.0000000E-04    2.3158498E-04    1.9605367E-04    6.5331435E-05    3.8773935E-09    1.8599465E-04    1.7675957E-03    3.4196493E-04    3.5580621E-07    2.2937634E-09    2.0512763E-13    1.0000000E-14    1.0000000E-14    1.7919916E-04    1.0000000E-14    3.5580029E-03    1.0000000E-30
    1.1430000E+01   -1.2622244E-03    1.0000000E-04    2.3326126E-04    1.9745413E-04    6.5967310E-05    3.9052085E-09    1.8427434E-04    1.7736477E-03    3.4194004E-04    3.5580515E-07    2.2270398E-09    1.9880572E-13    1.0000000E-14    1.0000000E-14    1.8181976E-04    1.0000000E-14    3.5595128E-03    1.0000000E-30
    1.1610000E+01   -1.2724990E-03    1.0000000E-04    2.3491460E-04    1.9887895E-04    6.6600678E-05    3.9347050E-09    1.8256690E-04    1.7798107E-03    3.4191512E-04    3.5580409E-07    2.1640522E-09    1.9284223E-13    1.0000000E-14    1.0000000E-14    1.8438890E-04    1.0000000E-14    3.5610228E-03    1.0000000E-30
    1.1790000E+01   -1.2826971E-03    1.0000000E-04    2.3654601E-04    2.0034244E-04    6.7232818E-05    3.9658176E-09    1.8087376E-04    1.7861067E-03    3.4189015E-04    3.5580303E-07    2.1047630E-09    1.8723173E-13    1.0000000E-14    1.0000102E-14    1.8689267E-04    1.0000000E-14    3.5625328E-03    1.0000000E-30
    1.1970000E+01   -1.2928219E-03    1.0000000E-04    2.3815655E-04    2.0185359E-04    6.7865720E-05    3.9984619E-09    1.7919633E-04    1.7925607E-03    3.4186515E-04    3.5580198E-07    2.0491574E-09    1.8197091E-13    1.0000000E-14    1.0100345E-14    1.8932222E-04    1.0000000E-14    3.5640427E-03    1.0000000E-30
    1.2150000E+01   -1.3028769E-03    1.0000000E-04    2.3974733E-04    2.0341621E-04    6.8502391E-05    4.0325296E-09    1.7753602E-04    1.7992010E-03    3.4184010E-04    3.5580093E-07    1.9972451E-09    1.7705868E-13    1.0000000E-14    1.0907074E-13    1.9167338E-04    1.0000000E-14    3.5655526E-03    1.0000000E-30
    1.2330000E+01   -1.3128618E-03    1.0000000E-04    2.4131822E-04    2.0502910E-04    6.9147084E-05    4.0678559E-09    1.7589525E-04    1.8060560E-03    3.4181502E-04    3.5579988E-07    1.9491393E-09    1.7249727E-13    1.0000000E-14    9.7821945E-11    1.9394525E-04    1.0000000E-14    3.5670626E-03    1.0000000E-30
    1.2510000E+01   -1.3188735E-03    1.0000000E-04    2.4159296E-04    2.0616896E-04    6.9680228E-05    2.3670204E-09    1.7525615E-04    1.8092469E-03    3.4179012E-04    3.5579923E-07    3.8615607E-09    1.6982411E-13    1.0000000E-14    9.7023637E-08    1.9550487E-04    1.0000000E-14    3.5685724E-03    1.0000000E-30
    1.2690000E+01   -1.3248591E-03    1.0000000E-04    2.4186537E-04    2.0732509E-04    7.0219368E-05    2.3681708E-09    1.7462028E-04    1.8124110E-03    3.4176580E-04    3.5579858E-07    3.8582728E-09    1.6657149E-13    1.0000000E-14    1.9394322E-07    1.9703267E-04    1.0000000E-14    3.5700822E-03    1.0000000E-30
    1.2870000E+01   -1.3308167E-03    1.0000000E-04    2.4213548E-04    2.0849551E-04    7.0766203E-05    2.3740613E-09    1.7398527E-04    1.8155682E-03    3.4174223E-04    3.5579793E-07    3.7904810E-09    1.6337809E-13    1.0000000E-14    2.9085632E-07    1.9852955E-04    1.0000000E-14    3.5715920E-03    1.0000000E-30
    1.3050000E+01   -1.3367467E-03    1.0000000E-04    2.4240334E-04    2.0967791E-04    7.1323235E-05    2.3801856E-09    1.7335116E-04    1.8187200E-03    3.4171940E-04    3.5579728E-07    3.7220660E-09    1.6026110E-13    1.0000000E-14    3.8776315E-07    1.9999669E-04    1.0000000E-14    3.5731018E-03    1.0000000E-30
    1.3230000E+01   -1.3426495E-03    1.0000000E-04    2.4266900E-04    2.1086965E-04    7.1893466E-05    2.3865044E-09    1.7271800E-04    1.8218674E-03    3.4169733E-04    3.5579663E-07    3.6551675E-09    1.5721965E-13    1.0000000E-14    4.8466392E-07    2.0143533E-04    1.0000000E-14    3.5746116E-03    1.0000000E-30
    1.3410000E+01   -1.3485252E-03    1.0000000E-04    2.4293253E-04    2.1206793E-04    7.2480466E-05    2.3929863E-09    1.7208586E-04    1.8250121E-03    3.4167601E-04    3.5579598E-07    3.5898321E-09    1.5425239E-13    1.0000000E-14    5.8155885E-07    2.0284662E-04    1.0000000E-14    3.5761214E-03    1.0000000E-30
    1.3590000E+01   -1.3543743E-03    1.0000000E-04    2.4319396E-04    2.1326985E-04    7.3088460E-05    2.3995962E-09    1.7145478E-04    1.8281556E-03    3.4165544E-04    3.5579533E-07    3.5260401E-09    1.5135807E-13    1.0000000E-14    6.7844815E-07    2.0423146E-04    1.0000000E-14    3.5776311E-03    1.0000000E-30
    1.3770000E+01   -1.3601969E-03    1.0000000E-04    2.4345338E-04    2.1447260E-04    7.3722405E-05    2.4062944E-09    1.7082482E-04    1.8312997E-03    3.4163563E-04    3.5579469E-07    3.4637725E-09    1.4853562E-13    1.0000000E-14    7.7533202E-07    2.0559029E-04    1.0000000E-14    3.5791409E-03    1.0000000E-30
    1.3950000E+01   -1.3659935E-03    1.0000000E-04    2.4371083E-04    2.1567378E-04    7.4388086E-05    2.4130367E-09    1.7019603E-04    1.8344465E-03    3.4161659E-04    3.5579404E-07    3.4030138E-09    1.4578410E-13    1.0000000E-14    8.7221069E-07    2.0692275E-04    1.0000000E-14    3.5806506E-03    1.0000000E-30
    1.4130000E+01   -1.3717643E-03    1.0000000E-04    2.4396639E-04    2.1687182E-04    7.5092202E-05    2.4197746E-09    1.6956845E-04    1.8375984E-03    3.4159831E-04    3.5579340E-07    3.3437522E-09    1.4310275E-13    1.0000000E-14    9.6908438E-07    2.0822718E-04    1.0000000E-14    3.5821603E-03    1.0000000E-30
    1.4310000E+01   -1.3775096E-03    1.0000000E-04    2.4422013E-04    2.1806669E-04    7.5842461E-05    2.4264555E-09    1.6894213E-04    1.8407580E-03    3.4158080E-04    3.5579276E-07    3.2859798E-09    1.4049097E-13    1.0000000E-14    1.0659533E-06    2.0949988E-04    1.0000000E-14    3.5836700E-03    1.0000000E-30
    1.4490000E+01   -1.3832297E-03    1.0000000E-04    2.4447213E-04    2.1926081E-04    7.6647666E-05    2.4330234E-09    1.6831713E-04    1.8439282E-03    3.4156407E-04    3.5579213E-07    3.2296934E-09    1.3794837E-13    1.0000000E-14    1.1628176E-06    2.1073415E-04    1.0000000E-14    3.5851797E-03    1.0000000E-30
    1.4670000E+01   -1.3889251E-03    1.0000000E-04    2.4472247E-04    2.2046016E-04    7.7517797E-05    2.4394202E-09    1.6769349E-04    1.8471125E-03    3.4154811E-04    3.5579149E-07    3.1748940E-09    1.3547475E-13    1.0000000E-14    1.2596777E-06    2.1191915E-04    1.0000000E-14    3.5866894E-03    1.0000000E-30
    1.4850000E+01   -1.3945960E-03    1.0000000E-04    2.4497123E-04    2.2167543E-04    7.8464085E-05    2.4455872E-09    1.6707126E-04    1.8503146E-03    3.4153293E-04    3.5579086E-07    3.1215883E-09    1.3307014E-13    1.0000000E-14    1.3565336E-06    2.1303873E-04    1.0000000E-14    3.5881991E-03    1.0000000E-30
    1.5030000E+01   -1.4002429E-03    1.0000000E-04    2.4521849E-04    2.2292301E-04    7.9499073E-05    2.4514662E-09    1.6645048E-04    1.8535390E-03    3.4151854E-04    3.5579024E-07    3.0697882E-09    1.3073480E-13    1.0000000E-14    1.4533856E-06    2.1407035E-04    1.0000000E-14    3.5897088E-03    1.0000000E-30
    1.5210000E+01   -1.4058661E-03    1.0000000E-04    2.4546436E-04    2.2422561E-04    8.0636659E-05    2.4570009E-09    1.6583122E-04    1.8567906E-03    3.4150494E-04    3.5578962E-07    3.0195122E-09    1.2846929E-13    1.0000000E-14    1.5502339E-06    2.1498454E-04    1.0000000E-14    3.5912184E-03    1.0000000E-30
    1.5390000E+01   -1.4114662E-03    1.0000000E-04    2.4570890E-04    2.2561212E-04    8.1892126E-05    2.4621383E-09    1.6521352E-04    1.8600749E-03    3.4149213E-04    3.5578900E-07    2.9707857E-09    1.2627444E-13    1.0000000E-14    1.6470788E-06    2.1574491E-04    1.0000000E-14    3.5927281E-03    1.0000000E-30
    1.5570000E+01   -1.4170434E-03    1.0000000E-04    2.4595224E-04    2.2711670E-04    8.3282133E-05    2.4668287E-09    1.6459744E-04    1.8633983E-03    3.4148011E-04    3.5578839E-07    2.9236417E-09    1.2415143E-13    1.0000000E-14    1.7439205E-06    2.1630915E-04    1.0000000E-14    3.5942377E-03    1.0000000E-30
    1.5750000E+01   -1.4225984E-03    1.0000000E-04    2.4619446E-04    2.2877683E-04    8.4824691E-05    2.4710259E-09    1.6398303E-04    1.8667681E-03    3.4146890E-04    3.5578779E-07    2.8781220E-09    1.2210177E-13    1.0000000E-14    1.8407592E-06    2.1663099E-04    1.0000000E-14    3.5957473E-03    1.0000000E-30
    1.5930000E+01   -1.4281316E-03    1.0000000E-04    2.4643567E-04    2.3063053E-04    8.6539092E-05    2.4746867E-09    1.6337037E-04    1.8701924E-03    3.4145849E-04    3.5578719E-07    2.8342780E-09    1.2012743E-13    1.0000000E-14    1.9375950E-06    2.1666299E-04    1.0000000E-14    3.5972569E-03    1.0000000E-30
    1.6110000E+01   -1.4336437E-03    1.0000000E-04    2.4667600E-04    2.3271291E-04    8.8445797E-05    2.4777699E-09    1.6275950E-04    1.8736805E-03    3.4144890E-04    3.5578661E-07    2.7921721E-09    1.1823081E-13    1.0000000E-14    2.0344284E-06    2.1635999E-04    1.0000000E-14    3.5987665E-03    1.0000000E-30
    1.6290000E+01   -1.4391352E-03    1.0000000E-04    2.4691558E-04    2.3505261E-04    9.0566281E-05    2.4802355E-09    1.6215051E-04    1.8772432E-03    3.4144011E-04    3.5578603E-07    2.7518787E-09    1.1641483E-13    1.0000000E-14    2.1312594E-06    2.1568292E-04    1.0000000E-14    3.6002761E-03    1.0000000E-30
    1.6470000E+01   -1.4446070E-03    1.0000000E-04    2.4715456E-04    2.3766822E-04    9.2922815E-05    2.4820445E-09    1.6154347E-04    1.8808923E-03    3.4143214E-04    3.5578547E-07    2.7134866E-09    1.1468301E-13    1.0000000E-14    2.2280883E-06    2.1460229E-04    1.0000000E-14    3.6017856E-03    1.0000000E-30
    1.6650000E+01   -1.4500597E-03    1.0000000E-04    2.4739309E-04    2.4056556E-04    9.5538191E-05    2.4831579E-09    1.6093848E-04    1.8846417E-03    3.4142500E-04    3.5578491E-07    2.6770998E-09    1.1303951E-13    1.0000000E-14    2.3249153E-06    2.1310120E-04    1.0000000E-14    3.6032952E-03    1.0000000E-30
    1.6830000E+01   -1.4554942E-03    1.0000000E-04    2.4763137E-04    2.4373579E-04    9.8435384E-05    2.4835379E-09    1.6033561E-04    1.8885069E-03    3.4141868E-04    3.5578437E-07    2.6428407E-09    1.1148927E-13    1.0000000E-14    2.4217407E-06    2.1117735E-04    1.0000000E-14    3.6048047E-03    1.0000000E-30
    1.7010000E+01   -1.4609114E-03    1.0000000E-04    2.4786958E-04    2.4715475E-04    1.0163714E-04    2.4831485E-09    1.5973499E-04    1.8925057E-03    3.4141319E-04    3.5578384E-07    2.6108519E-09    1.1003808E-13    1.0000000E-14    2.5185647E-06    2.0884389E-04    1.0000000E-14    3.6063143E-03    1.0000000E-30
    1.7190000E+01   -1.4663125E-03    1.0000000E-04    2.4810795E-04    2.5078361E-04    1.0516553E-04    2.4819568E-09    1.5913671E-04    1.8966583E-03    3.4140854E-04    3.5578333E-07    2.5812994E-09    1.0869269E-13    1.0000000E-14    2.6153876E-06    2.0612904E-04    1.0000000E-14    3.6078238E-03    1.0000000E-30
    1.7370000E+01   -1.4716985E-03    1.0000000E-04    2.4834670E-04    2.5457060E-04    1.0904135E-04    2.4799347E-09    1.5854092E-04    1.9009875E-03    3.4140473E-04    3.5578283E-07    2.5543763E-09    1.0746100E-13    1.0000000E-14    2.7122095E-06    2.0307462E-04    1.0000000E-14    3.6093333E-03    1.0000000E-30
    1.7550000E+01   -1.4770708E-03    1.0000000E-04    2.4858605E-04    2.5845381E-04    1.1328360E-04    2.4770610E-09    1.5794774E-04    1.9055195E-03    3.4140175E-04    3.5578235E-07    2.5303066E-09    1.0635221E-13    1.0000000E-14    2.8090307E-06    1.9973362E-04    1.0000000E-14    3.6108428E-03    1.0000000E-30
    1.7730000E+01   -1.4824309E-03    1.0000000E-04    2.4882626E-04    2.6236451E-04    1.1790877E-04    2.4733229E-09    1.5735735E-04    1.9102841E-03    3.4139963E-04    3.5578188E-07    2.5093500E-09    1.0537700E-13    1.0000000E-14    2.9058513E-06    1.9616709E-04    1.0000000E-14    3.6123523E-03    1.0000000E-30
    1.7910000E+01   -1.4877749E-03    1.0000000E-04    2.4906731E-04    2.6622742E-04    1.2292434E-04    2.4687258E-09    1.5677051E-04    1.9153096E-03    3.4139836E-04    3.5578143E-07    2.4918216E-09    1.0454846E-13    1.0000000E-14    3.0025746E-06    1.9244465E-04    1.0000000E-14    3.6138603E-03    1.0000000E-30
