# Time          5.0000E+01
# Units: Weight % Mineral
    Distance           Quartz           Albite           Dolomite-dis     Microcline       Pyrite           Fe(OH)3          Muscovite        Chamosite-7A     Illite           Kaolinite        Smectite-high    SiO2(am)         Calcite          POMC             O2(s)            Gibbsite     
    9.0000000E-02    2.6558927E+01    1.2280151E+01    9.7933587E-02    3.2860766E-01    0.0000000E+00    8.1529769E+00    1.0918591E+00    1.5861011E+01    1.9414002E+00    8.6966710E+00    1.6068639E+01    8.8789917E+00    1.0792276E-06    4.2827401E-02    1.1573415E-06    1.0461456E-06
    2.7000000E-01    2.6563137E+01    1.2286603E+01    9.8968993E-02    3.2871512E-01    0.0000000E+00    8.1326385E+00    1.0920321E+00    1.5863525E+01    1.9419295E+00    8.6974908E+00    1.6071186E+01    8.8809363E+00    1.0793995E-06    4.2834188E-02    1.1575250E-06    1.0463114E-06
    4.5000000E-01    2.6562469E+01    1.2289902E+01    9.9825052E-02    3.2876487E-01    0.0000000E+00    8.1324546E+00    1.0920046E+00    1.5863126E+01    1.9421709E+00    8.6944634E+00    1.6070781E+01    8.8812025E+00    1.0793733E-06    4.2833109E-02    1.1574958E-06    1.0462851E-06
    6.3000000E-01    2.6561818E+01    1.2292394E+01    1.0051602E-01    3.2881895E-01    0.0000000E+00    8.1322702E+00    1.0919779E+00    1.5862737E+01    1.9424793E+00    8.6923360E+00    1.6070387E+01    8.8814309E+00    1.0793481E-06    4.2832059E-02    1.1574674E-06    1.0462594E-06
    8.1000000E-01    2.6561256E+01    1.2294303E+01    1.0107149E-01    3.2887924E-01    0.0000000E+00    8.1321075E+00    1.0919548E+00    1.5862401E+01    1.9428355E+00    8.6906587E+00    1.6070047E+01    8.8816517E+00    1.0793268E-06    4.2831153E-02    1.1574429E-06    1.0462373E-06
    9.9000000E-01    2.6560784E+01    1.2295770E+01    1.0151538E-01    3.2894582E-01    0.0000000E+00    8.1319679E+00    1.0919353E+00    1.5862119E+01    1.9432197E+00    8.6892767E+00    1.6069761E+01    8.8818709E+00    1.0793094E-06    4.2830392E-02    1.1574224E-06    1.0462187E-06
    1.1700000E+00    2.6560392E+01    1.2296886E+01    1.0186481E-01    3.2901795E-01    0.0000000E+00    8.1318495E+00    1.0919192E+00    1.5861885E+01    1.9436169E+00    8.6881227E+00    1.6069524E+01    8.8820899E+00    1.0792953E-06    4.2829759E-02    1.1574053E-06    1.0462032E-06
    1.3500000E+00    2.6560071E+01    1.2297713E+01    1.0213211E-01    3.2907219E-01    0.0000000E+00    8.1317510E+00    1.0919060E+00    1.5861693E+01    1.9440200E+00    8.6871678E+00    1.6069330E+01    8.8823106E+00    1.0792844E-06    4.2829242E-02    1.1573913E-06    1.0461906E-06
    1.5300000E+00    2.6559815E+01    1.2298296E+01    1.0232625E-01    3.2909755E-01    0.0000000E+00    8.1316712E+00    1.0918955E+00    1.5861541E+01    1.9444256E+00    8.6863898E+00    1.6069175E+01    8.8825347E+00    1.0792763E-06    4.2828830E-02    1.1573802E-06    1.0461805E-06
    1.7100000E+00    2.6559617E+01    1.2298662E+01    1.0245374E-01    3.2910268E-01    0.0000000E+00    8.1316082E+00    1.0918874E+00    1.5861422E+01    1.9448315E+00    8.6857654E+00    1.6069055E+01    8.8827629E+00    1.0792707E-06    4.2828510E-02    1.1573715E-06    1.0461727E-06
    1.8900000E+00    2.6559469E+01    1.2298831E+01    1.0251939E-01    3.2910084E-01    0.0000000E+00    8.1315603E+00    1.0918813E+00    1.5861334E+01    1.9452368E+00    8.6852744E+00    1.6068966E+01    8.8829962E+00    1.0792672E-06    4.2828271E-02    1.1573651E-06    1.0461669E-06
    2.0700000E+00    2.1633547E+01    1.8720596E+01    1.0799995E-01    4.6207596E-01    0.0000000E+00    9.6858469E+00    1.5330622E+00    1.5105004E+01    2.0873981E+00    7.9792373E+00    1.0624998E+01    9.3542338E+00    1.1365166E-06    2.7059977E+00    1.2187538E-06    1.1016575E-06
    2.2500000E+00    2.1633393E+01    1.8720640E+01    1.0803076E-01    4.6207266E-01    0.0000000E+00    9.6857722E+00    1.5330513E+00    1.5104896E+01    2.0881555E+00    7.9785264E+00    1.0624922E+01    9.3545593E+00    1.1365118E-06    2.7059784E+00    1.2187451E-06    1.1016496E-06
    2.4300000E+00    2.1633255E+01    1.8720674E+01    1.0805642E-01    4.6206973E-01    0.0000000E+00    9.6857071E+00    1.5330415E+00    1.5104800E+01    2.0888400E+00    7.9778585E+00    1.0624855E+01    9.3548789E+00    1.1365081E-06    2.7059612E+00    1.2187374E-06    1.1016426E-06
    2.6100000E+00    2.1633125E+01    1.8720699E+01    1.0807871E-01    4.6206695E-01    0.0000000E+00    9.6856464E+00    1.5330323E+00    1.5104709E+01    2.0894681E+00    7.9772455E+00    1.0624791E+01    9.3551891E+00    1.1365050E-06    2.7059449E+00    1.2186509E-06    1.1016360E-06
    2.7900000E+00    2.1633002E+01    1.8720720E+01    1.0809846E-01    4.6206432E-01    0.0000000E+00    9.6855895E+00    1.5330236E+00    1.5104623E+01    2.0900442E+00    7.9766814E+00    1.0624730E+01    9.3554902E+00    1.1365024E-06    2.7059295E+00    1.2185924E-06    1.1016298E-06
    2.9700000E+00    2.1632885E+01    1.8720738E+01    1.0811629E-01    4.6206182E-01    0.0000000E+00    9.6855357E+00    1.5330153E+00    1.5104541E+01    2.0905727E+00    7.9761610E+00    1.0624673E+01    9.3557824E+00    1.1365003E-06    2.7059148E+00    1.2185600E-06    1.1016238E-06
    3.1500000E+00    2.1632773E+01    1.8720755E+01    1.0813271E-01    4.6205943E-01    0.0000000E+00    9.6854846E+00    1.5330074E+00    1.5104463E+01    2.0910575E+00    7.9756796E+00    1.0624618E+01    9.3560660E+00    1.1364986E-06    2.7059009E+00    1.2185415E-06    1.1016181E-06
    3.3300000E+00    2.1632666E+01    1.8720773E+01    1.0814814E-01    4.6205714E-01    0.0000000E+00    9.6854358E+00    1.5329998E+00    1.5104388E+01    2.0915020E+00    7.9752332E+00    1.0624565E+01    9.3563411E+00    1.1364974E-06    2.7058875E+00    1.2185297E-06    1.1016126E-06
    3.5100000E+00    2.1632563E+01    1.8720793E+01    1.0816299E-01    4.6205494E-01    0.0000000E+00    9.6853891E+00    1.5329925E+00    1.5104316E+01    2.0919094E+00    7.9748180E+00    1.0624515E+01    9.3566079E+00    1.1364966E-06    2.7058746E+00    1.2185205E-06    1.1016074E-06
    3.6900000E+00    2.1632464E+01    1.8720817E+01    1.0817759E-01    4.6205283E-01    0.0000000E+00    9.6853442E+00    1.5329855E+00    1.5104247E+01    2.0922827E+00    7.9744309E+00    1.0624466E+01    9.3568665E+00    1.1364962E-06    2.7058622E+00    1.2185131E-06    1.1016024E-06
    3.8700000E+00    2.1632368E+01    1.8720846E+01    1.0819228E-01    4.6205078E-01    0.0000000E+00    9.6853008E+00    1.5329787E+00    1.5104180E+01    2.0926242E+00    7.9740689E+00    1.0624419E+01    9.3571172E+00    1.1364961E-06    2.7058502E+00    1.2185068E-06    1.1015975E-06
    4.0500000E+00    2.1632275E+01    1.8720881E+01    1.0820735E-01    4.6204880E-01    0.0000000E+00    9.6852589E+00    1.5329721E+00    1.5104116E+01    2.0929363E+00    7.9737293E+00    1.0624373E+01    9.3573601E+00    1.1364963E-06    2.7058386E+00    1.2185011E-06    1.1015927E-06
    4.2300000E+00    2.1632185E+01    1.8720923E+01    1.0822309E-01    4.6204687E-01    0.0000000E+00    9.6852181E+00    1.5329657E+00    1.5104053E+01    2.0932209E+00    7.9734098E+00    1.0624329E+01    9.3575952E+00    1.1364969E-06    2.7058273E+00    1.2184957E-06    1.1015882E-06
    4.4100000E+00    2.1632097E+01    1.8720973E+01    1.0823980E-01    4.6204499E-01    0.0000000E+00    9.6851785E+00    1.5329595E+00    1.5103991E+01    2.0934798E+00    7.9731081E+00    1.0624286E+01    9.3578227E+00    1.1364977E-06    2.7058163E+00    1.2184906E-06    1.1015837E-06
    4.5900000E+00    2.1632011E+01    1.8721032E+01    1.0825776E-01    4.6204315E-01    0.0000000E+00    9.6851397E+00    1.5329534E+00    1.5103931E+01    2.0937145E+00    7.9728224E+00    1.0624244E+01    9.3580427E+00    1.1364989E-06    2.7058055E+00    1.2184856E-06    1.1015793E-06
    4.7700000E+00    2.1631926E+01    1.8721101E+01    1.0827728E-01    4.6204134E-01    0.0000000E+00    9.6851017E+00    1.5329474E+00    1.5103872E+01    2.0939263E+00    7.9725509E+00    1.0624202E+01    9.3582551E+00    1.1365003E-06    2.7057950E+00    1.2184808E-06    1.1015750E-06
    4.9500000E+00    2.1631843E+01    1.8721182E+01    1.0829866E-01    4.6203956E-01    0.0000000E+00    9.6850644E+00    1.5329415E+00    1.5103814E+01    2.0941162E+00    7.9722916E+00    1.0624161E+01    9.3584601E+00    1.1365020E-06    2.7057845E+00    1.2184759E-06    1.1015707E-06
    5.1300000E+00    2.1631761E+01    1.8721275E+01    1.0832223E-01    4.6203781E-01    0.0000000E+00    9.6850276E+00    1.5329356E+00    1.5103756E+01    2.0942853E+00    7.9720432E+00    1.0624121E+01    9.3586575E+00    1.1365039E-06    2.7057742E+00    1.2184711E-06    1.1015665E-06
    5.3100000E+00    2.1631679E+01    1.8721382E+01    1.0834835E-01    4.6203606E-01    0.0000000E+00    9.6849912E+00    1.5329299E+00    1.5103699E+01    2.0944344E+00    7.9718040E+00    1.0624081E+01    9.3588476E+00    1.1365061E-06    2.7057640E+00    1.2184665E-06    1.1015624E-06
    5.4900000E+00    2.1631597E+01    1.8721505E+01    1.0837740E-01    4.6203432E-01    0.0000000E+00    9.6849550E+00    1.5329241E+00    1.5103642E+01    2.0945640E+00    7.9715727E+00    1.0624041E+01    9.3590301E+00    1.1365085E-06    2.7057538E+00    1.2184618E-06    1.1015582E-06
    5.6700000E+00    2.1631516E+01    1.8721644E+01    1.0840979E-01    4.6203258E-01    0.0000000E+00    9.6849189E+00    1.5329183E+00    1.5103585E+01    2.0946746E+00    7.9713477E+00    1.0624001E+01    9.3592050E+00    1.1365111E-06    2.7057436E+00    1.2184572E-06    1.1015541E-06
    5.8500000E+00    2.1631434E+01    1.8721802E+01    1.0844598E-01    4.6203083E-01    0.0000000E+00    9.6848827E+00    1.5329125E+00    1.5103528E+01    2.0947666E+00    7.9711276E+00    1.0623960E+01    9.3593722E+00    1.1365140E-06    2.7057334E+00    1.2184525E-06    1.1015499E-06
    6.0300000E+00    2.1631352E+01    1.8721980E+01    1.0848649E-01    4.6202907E-01    0.0000000E+00    9.6848464E+00    1.5329067E+00    1.5103471E+01    2.0948402E+00    7.9709111E+00    1.0623920E+01    9.3595317E+00    1.1365171E-06    2.7057231E+00    1.2184479E-06    1.1015457E-06
    6.2100000E+00    2.1631268E+01    1.8722181E+01    1.0853187E-01    4.6202728E-01    0.0000000E+00    9.6848097E+00    1.5329007E+00    1.5103412E+01    2.0948954E+00    7.9706967E+00    1.0623879E+01    9.3596831E+00    1.1365204E-06    2.7057126E+00    1.2184432E-06    1.1015414E-06
    6.3900000E+00    2.1631182E+01    1.8722406E+01    1.0858276E-01    4.6202545E-01    0.0000000E+00    9.6847725E+00    1.5328947E+00    1.5103352E+01    2.0949321E+00    7.9704831E+00    1.0623837E+01    9.3598264E+00    1.1365239E-06    2.7057019E+00    1.2184384E-06    1.1015371E-06
    6.5700000E+00    2.1631095E+01    1.8722659E+01    1.0863987E-01    4.6202359E-01    0.0000000E+00    9.6847345E+00    1.5328885E+00    1.5103291E+01    2.0949502E+00    7.9702687E+00    1.0623794E+01    9.3599612E+00    1.1365276E-06    2.7056910E+00    1.2184335E-06    1.1015326E-06
    6.7500000E+00    2.1631005E+01    1.8722942E+01    1.0870398E-01    4.6202167E-01    0.0000000E+00    9.6846956E+00    1.5328821E+00    1.5103229E+01    2.0949491E+00    7.9700520E+00    1.0623750E+01    9.3600872E+00    1.1365316E-06    2.7056797E+00    1.2184285E-06    1.1015281E-06
    6.9300000E+00    2.1630912E+01    1.8723258E+01    1.0877600E-01    4.6201968E-01    0.0000000E+00    9.6846555E+00    1.5328755E+00    1.5103164E+01    2.0949285E+00    7.9698314E+00    1.0623704E+01    9.3602042E+00    1.1365358E-06    2.7056681E+00    1.2184233E-06    1.1015233E-06
    7.1100000E+00    2.1630815E+01    1.8723611E+01    1.0885692E-01    4.6201761E-01    0.0000000E+00    9.6846139E+00    1.5328687E+00    1.5103096E+01    2.0948876E+00    7.9696052E+00    1.0623656E+01    9.3603117E+00    1.1365402E-06    2.7056560E+00    1.2184180E-06    1.1015184E-06
    7.2900000E+00    2.1630714E+01    1.8724005E+01    1.0894790E-01    4.6201546E-01    0.0000000E+00    9.6845706E+00    1.5328615E+00    1.5103026E+01    2.0948256E+00    7.9693715E+00    1.0623607E+01    9.3604092E+00    1.1365449E-06    2.7056433E+00    1.2184125E-06    1.1015133E-06
    7.4700000E+00    2.1630608E+01    1.8724444E+01    1.0905023E-01    4.6201319E-01    0.0000000E+00    9.6845253E+00    1.5328540E+00    1.5102952E+01    2.0947412E+00    7.9691285E+00    1.0623555E+01    9.3604961E+00    1.1365498E-06    2.7056301E+00    1.2184065E-06    1.1015079E-06
    7.6500000E+00    2.1630496E+01    1.8724932E+01    1.0916542E-01    4.6201080E-01    0.0000000E+00    9.6844775E+00    1.5328460E+00    1.5102873E+01    2.0946333E+00    7.9688740E+00    1.0623500E+01    9.3605719E+00    1.1365551E-06    2.7056161E+00    1.2184002E-06    1.1015021E-06
    7.8300000E+00    2.1630377E+01    1.8725476E+01    1.0929515E-01    4.6200826E-01    0.0000000E+00    9.6844270E+00    1.5328376E+00    1.5102790E+01    2.0945003E+00    7.9686059E+00    1.0623441E+01    9.3606358E+00    1.1365608E-06    2.7056012E+00    1.2183935E-06    1.1014961E-06
    8.0100000E+00    2.1630251E+01    1.8726082E+01    1.0944140E-01    4.6200556E-01    0.0000000E+00    9.6843731E+00    1.5328286E+00    1.5102702E+01    2.0943405E+00    7.9683214E+00    1.0623379E+01    9.3606869E+00    1.1365669E-06    2.7055854E+00    1.2183864E-06    1.1014897E-06
    8.1900000E+00    2.2419149E+01    1.9277205E+01    1.0491321E-01    4.4220868E-01    0.0000000E+00    1.0075427E+01    1.5894094E+00    1.5567519E+01    2.1714490E+00    8.2994056E+00    1.1046899E+01    8.9632513E+00    1.0878759E-06    4.3160857E-02    1.1646145E-06    1.0542910E-06
    8.3700000E+00    2.2419016E+01    1.9277890E+01    1.0507439E-01    4.4220607E-01    0.0000000E+00    1.0075372E+01    1.5894000E+00    1.5567427E+01    2.1713628E+00    8.2990199E+00    1.1046834E+01    8.9632337E+00    1.0878806E-06    4.3160602E-02    1.1646080E-06    1.0542847E-06
    8.5500000E+00    2.2418892E+01    1.9278552E+01    1.0523168E-01    4.4220361E-01    0.0000000E+00    1.0075319E+01    1.5893912E+00    1.5567340E+01    2.1712663E+00    8.2986603E+00    1.1046773E+01    8.9632079E+00    1.0878859E-06    4.3160362E-02    1.1646021E-06    1.0542789E-06
    8.7300000E+00    2.2418774E+01    1.9279188E+01    1.0538423E-01    4.4220130E-01    0.0000000E+00    1.0075269E+01    1.5893829E+00    1.5567259E+01    2.1711641E+00    8.2983245E+00    1.1046715E+01    8.9631750E+00    1.0878918E-06    4.3160136E-02    1.1645967E-06    1.0542734E-06
    8.9100000E+00    2.2418664E+01    1.9279798E+01    1.0553203E-01    4.4219913E-01    0.0000000E+00    1.0075221E+01    1.5893751E+00    1.5567183E+01    2.1710587E+00    8.2980102E+00    1.1046661E+01    8.9631354E+00    1.0878983E-06    4.3159924E-02    1.1645919E-06    1.0542682E-06
    9.0900000E+00    2.2418561E+01    1.9280383E+01    1.0567527E-01    4.4219709E-01    0.0000000E+00    1.0075176E+01    1.5893678E+00    1.5567111E+01    2.1709514E+00    8.2977152E+00    1.1046610E+01    8.9630897E+00    1.0879053E-06    4.3159726E-02    1.1645877E-06    1.0542633E-06
    9.2700000E+00    2.2418464E+01    1.9280945E+01    1.0581416E-01    4.4219518E-01    0.0000000E+00    1.0075133E+01    1.5893609E+00    1.5567043E+01    2.1708431E+00    8.2974378E+00    1.1046562E+01    8.9630383E+00    1.0879127E-06    4.3159539E-02    1.1645841E-06    1.0542588E-06
    9.4500000E+00    2.2418373E+01    1.9281486E+01    1.0594890E-01    4.4219338E-01    0.0000000E+00    1.0075092E+01    1.5893544E+00    1.5566980E+01    2.1707345E+00    8.2971764E+00    1.1046517E+01    8.9629818E+00    1.0879207E-06    4.3159363E-02    1.1645811E-06    1.0542545E-06
    9.6300000E+00    2.2418287E+01    1.9282006E+01    1.0607967E-01    4.4219169E-01    0.0000000E+00    1.0075053E+01    1.5893483E+00    1.5566921E+01    2.1706262E+00    8.2969297E+00    1.1046475E+01    8.9629205E+00    1.0879291E-06    4.3159198E-02    1.1645788E-06    1.0542504E-06
    9.8100000E+00    2.2418206E+01    1.9282506E+01    1.0620665E-01    4.4219009E-01    0.0000000E+00    1.0075017E+01    1.5893426E+00    1.5566864E+01    2.1705185E+00    8.2966966E+00    1.1046435E+01    8.9628548E+00    1.0879379E-06    4.3159042E-02    1.1645772E-06    1.0542467E-06
    9.9900000E+00    2.2418130E+01    1.9282988E+01    1.0632998E-01    4.4218859E-01    0.0000000E+00    1.0074982E+01    1.5893372E+00    1.5566812E+01    2.1704118E+00    8.2964759E+00    1.1046398E+01    8.9627851E+00    1.0879472E-06    4.3158896E-02    1.1645765E-06    1.0542431E-06
    1.0170000E+01    2.2418059E+01    1.9283452E+01    1.0644979E-01    4.4218718E-01    0.0000000E+00    1.0074949E+01    1.5893321E+00    1.5566762E+01    2.1703064E+00    8.2962668E+00    1.1046362E+01    8.9627116E+00    1.0879568E-06    4.3158758E-02    1.1645761E-06    1.0542397E-06
    1.0350000E+01    2.2417991E+01    1.9283899E+01    1.0656621E-01    4.4218585E-01    0.0000000E+00    1.0074918E+01    1.5893274E+00    1.5566715E+01    2.1702026E+00    8.2960684E+00    1.1046329E+01    8.9626349E+00    1.0879668E-06    4.3158629E-02    1.1645728E-06    1.0542365E-06
    1.0530000E+01    2.2417928E+01    1.9284330E+01    1.0667934E-01    4.4218460E-01    0.0000000E+00    1.0074889E+01    1.5893229E+00    1.5566671E+01    2.1701006E+00    8.2958800E+00    1.1046298E+01    8.9625551E+00    1.0879772E-06    4.3158506E-02    1.1645698E-06    1.0542336E-06
    1.0710000E+01    2.2417868E+01    1.9284745E+01    1.0678927E-01    4.4218342E-01    0.0000000E+00    1.0074861E+01    1.5893186E+00    1.5566630E+01    2.1700006E+00    8.2957009E+00    1.1046268E+01    8.9624726E+00    1.0879880E-06    4.3158391E-02    1.1645670E-06    1.0542308E-06
    1.0890000E+01    2.2417812E+01    1.9285146E+01    1.0689608E-01    4.4218232E-01    0.0000000E+00    1.0074835E+01    1.5893146E+00    1.5566591E+01    2.1699027E+00    8.2955305E+00    1.1046241E+01    8.9623876E+00    1.0879991E-06    4.3158283E-02    1.1645646E-06    1.0542281E-06
    1.1070000E+01    2.2417759E+01    1.9285532E+01    1.0699982E-01    4.4218127E-01    0.0000000E+00    1.0074811E+01    1.5893109E+00    1.5566554E+01    2.1698072E+00    8.2953684E+00    1.1046215E+01    8.9623004E+00    1.0880105E-06    4.3158181E-02    1.1645624E-06    1.0542256E-06
    1.1250000E+01    2.2417709E+01    1.9285904E+01    1.0710055E-01    4.4218029E-01    0.0000000E+00    1.0074788E+01    1.5893074E+00    1.5566519E+01    2.1697142E+00    8.2952139E+00    1.1046190E+01    8.9622113E+00    1.0880222E-06    4.3158086E-02    1.1645605E-06    1.0542233E-06
    1.1430000E+01    2.2417663E+01    1.9286263E+01    1.0719829E-01    4.4217937E-01    0.0000000E+00    1.0074766E+01    1.5893041E+00    1.5566487E+01    2.1696238E+00    8.2950666E+00    1.1046167E+01    8.9621205E+00    1.0880343E-06    4.3157996E-02    1.1645591E-06    1.0542211E-06
    1.1610000E+01    2.2417619E+01    1.9286609E+01    1.0729307E-01    4.4217851E-01    0.0000000E+00    1.0074746E+01    1.5893010E+00    1.5566457E+01    2.1695362E+00    8.2949263E+00    1.1046146E+01    8.9620282E+00    1.0880466E-06    4.3157912E-02    1.1645580E-06    1.0542190E-06
    1.1790000E+01    2.2417578E+01    1.9286941E+01    1.0738489E-01    4.4217770E-01    0.0000000E+00    1.0074727E+01    1.5892981E+00    1.5566428E+01    2.1694516E+00    8.2947924E+00    1.1046125E+01    8.9619348E+00    1.0880592E-06    4.3157833E-02    1.1645575E-06    1.0542171E-06
    1.1970000E+01    2.2417540E+01    1.9287261E+01    1.0747374E-01    4.4217695E-01    0.0000000E+00    1.0074709E+01    1.5892953E+00    1.5566402E+01    2.1693702E+00    8.2946648E+00    1.1046107E+01    8.9618403E+00    1.0880720E-06    4.3157759E-02    1.1645575E-06    1.0542153E-06
    1.2150000E+01    2.2417504E+01    1.9287568E+01    1.0755959E-01    4.4217624E-01    0.0000000E+00    1.0074693E+01    1.5892928E+00    1.5566377E+01    2.1692921E+00    8.2945431E+00    1.1046089E+01    8.9617450E+00    1.0880852E-06    4.3157690E-02    1.1645582E-06    1.0542136E-06
    1.2330000E+01    2.2417471E+01    1.9287862E+01    1.0764238E-01    4.4217559E-01    0.0000000E+00    1.0074677E+01    1.5892905E+00    1.5566354E+01    2.1692175E+00    8.2944271E+00    1.1046073E+01    8.9616492E+00    1.0880985E-06    4.3157627E-02    1.1645598E-06    1.0542121E-06
    1.2510000E+01    2.3807672E+01    2.1045947E+01    1.1187321E-01    5.4786185E-01    2.1484176E-01    8.5215635E+00    1.0906101E+00    1.7633801E+01    2.0079120E+00    3.3319631E+00    1.2193220E+01    8.8727875E+00    1.1592279E-06    4.2778411E-02    5.7716559E-01    1.0449490E-06
    1.2690000E+01    2.3807660E+01    2.1045972E+01    1.1190844E-01    5.4786169E-01    2.1484085E-01    8.5215763E+00    1.0906096E+00    1.7633792E+01    2.0078925E+00    3.3319528E+00    1.2193213E+01    8.8727713E+00    1.1592275E-06    4.2778390E-02    5.7716791E-01    1.0449484E-06
    1.2870000E+01    2.3807648E+01    2.1045996E+01    1.1194312E-01    5.4786158E-01    2.1483996E-01    8.5215827E+00    1.0906090E+00    1.7633783E+01    2.0078786E+00    3.3319438E+00    1.2193207E+01    8.8727551E+00    1.1592271E-06    4.2778368E-02    5.7717078E-01    1.0449479E-06
    1.3050000E+01    2.3807637E+01    2.1046021E+01    1.1197733E-01    5.4786143E-01    2.1483912E-01    8.5215854E+00    1.0906085E+00    1.7633775E+01    2.0078646E+00    3.3319354E+00    1.2193202E+01    8.8727392E+00    1.1592268E-06    4.2778348E-02    5.7717429E-01    1.0449474E-06
    1.3230000E+01    2.3807626E+01    2.1046045E+01    1.1201108E-01    5.4786124E-01    2.1483831E-01    8.5215858E+00    1.0906080E+00    1.7633767E+01    2.0078506E+00    3.3319275E+00    1.2193196E+01    8.8727235E+00    1.1592265E-06    4.2778329E-02    5.7717849E-01    1.0449470E-06
    1.3410000E+01    2.3807616E+01    2.1046069E+01    1.1204440E-01    5.4786104E-01    2.1483754E-01    8.5215848E+00    1.0906076E+00    1.7633760E+01    2.0078366E+00    3.3319199E+00    1.2193191E+01    8.8727080E+00    1.1592262E-06    4.2778311E-02    5.7718345E-01    1.0449465E-06
    1.3590000E+01    2.3807606E+01    2.1046093E+01    1.1207730E-01    5.4786083E-01    2.1483680E-01    8.5215830E+00    1.0906071E+00    1.7633752E+01    2.0078227E+00    3.3319125E+00    1.2193186E+01    8.8726926E+00    1.1592259E-06    4.2778293E-02    5.7718921E-01    1.0449461E-06
    1.3770000E+01    2.3807596E+01    2.1046116E+01    1.1210977E-01    5.4786059E-01    2.1483609E-01    8.5215806E+00    1.0906067E+00    1.7633745E+01    2.0078087E+00    3.3319055E+00    1.2193181E+01    8.8726771E+00    1.1592256E-06    4.2778275E-02    5.7719582E-01    1.0449456E-06
    1.3950000E+01    2.3807586E+01    2.1046139E+01    1.1214184E-01    5.4786034E-01    2.1483540E-01    8.5215778E+00    1.0906062E+00    1.7633738E+01    2.0077949E+00    3.3318986E+00    1.2193176E+01    8.8726617E+00    1.1592253E-06    4.2778257E-02    5.7720330E-01    1.0449452E-06
    1.4130000E+01    2.3807577E+01    2.1046162E+01    1.1217349E-01    5.4786010E-01    2.1483475E-01    8.5215748E+00    1.0906058E+00    1.7633730E+01    2.0077810E+00    3.3318920E+00    1.2193171E+01    8.8726463E+00    1.1592251E-06    4.2778240E-02    5.7721168E-01    1.0449448E-06
    1.4310000E+01    2.3807567E+01    2.1046184E+01    1.1220474E-01    5.4785986E-01    2.1483413E-01    8.5215717E+00    1.0906053E+00    1.7633723E+01    2.0077673E+00    3.3318856E+00    1.2193166E+01    8.8726309E+00    1.1592248E-06    4.2778222E-02    5.7722093E-01    1.0449443E-06
    1.4490000E+01    2.3807557E+01    2.1046205E+01    1.1223558E-01    5.4785961E-01    2.1483354E-01    8.5215685E+00    1.0906049E+00    1.7633716E+01    2.0077535E+00    3.3318794E+00    1.2193161E+01    8.8726154E+00    1.1592245E-06    4.2778204E-02    5.7723105E-01    1.0449439E-06
    1.4670000E+01    2.3807547E+01    2.1046226E+01    1.1226602E-01    5.4785937E-01    2.1483297E-01    8.5215652E+00    1.0906044E+00    1.7633708E+01    2.0077399E+00    3.3318733E+00    1.2193155E+01    8.8726000E+00    1.1592243E-06    4.2778186E-02    5.7724197E-01    1.0449435E-06
    1.4850000E+01    2.3807537E+01    2.1046246E+01    1.1229605E-01    5.4785911E-01    2.1483244E-01    8.5215619E+00    1.0906039E+00    1.7633701E+01    2.0077263E+00    3.3318674E+00    1.2193150E+01    8.8725845E+00    1.1592240E-06    4.2778168E-02    5.7725363E-01    1.0449430E-06
    1.5030000E+01    2.3807527E+01    2.1046266E+01    1.1232567E-01    5.4785885E-01    2.1483193E-01    8.5215586E+00    1.0906035E+00    1.7633694E+01    2.0077128E+00    3.3318617E+00    1.2193145E+01    8.8725691E+00    1.1592237E-06    4.2778150E-02    5.7726594E-01    1.0449426E-06
    1.5210000E+01    2.3807517E+01    2.1046285E+01    1.1235487E-01    5.4785859E-01    2.1483145E-01    8.5215552E+00    1.0906030E+00    1.7633686E+01    2.0076995E+00    3.3318562E+00    1.2193140E+01    8.8725537E+00    1.1592235E-06    4.2778132E-02    5.7727878E-01    1.0449422E-06
    1.5390000E+01    2.3807507E+01    2.1046304E+01    1.1238365E-01    5.4785834E-01    2.1483100E-01    8.5215518E+00    1.0906026E+00    1.7633679E+01    2.0076862E+00    3.3318508E+00    1.2193135E+01    8.8725383E+00    1.1592232E-06    4.2778114E-02    5.7729201E-01    1.0449417E-06
    1.5570000E+01    2.3807497E+01    2.1046322E+01    1.1241200E-01    5.4785809E-01    2.1483058E-01    8.5215485E+00    1.0906021E+00    1.7633672E+01    2.0076731E+00    3.3318456E+00    1.2193130E+01    8.8725229E+00    1.1592230E-06    4.2778097E-02    5.7730549E-01    1.0449413E-06
    1.5750000E+01    2.3807488E+01    2.1046341E+01    1.1243990E-01    5.4785785E-01    2.1483018E-01    8.5215451E+00    1.0906017E+00    1.7633664E+01    2.0076602E+00    3.3318405E+00    1.2193125E+01    8.8725076E+00    1.1592228E-06    4.2778079E-02    5.7731904E-01    1.0449409E-06
    1.5930000E+01    2.3807478E+01    2.1046358E+01    1.1246735E-01    5.4785762E-01    2.1482981E-01    8.5215419E+00    1.0906012E+00    1.7633657E+01    2.0076475E+00    3.3318355E+00    1.2193120E+01    8.8724924E+00    1.1592225E-06    4.2778062E-02    5.7733250E-01    1.0449404E-06
    1.6110000E+01    2.3807469E+01    2.1046376E+01    1.1249432E-01    5.4785739E-01    2.1482947E-01    8.5215386E+00    1.0906008E+00    1.7633651E+01    2.0076349E+00    3.3318308E+00    1.2193115E+01    8.8724773E+00    1.1592223E-06    4.2778046E-02    5.7734568E-01    1.0449400E-06
    1.6290000E+01    2.3807460E+01    2.1046393E+01    1.1252081E-01    5.4785714E-01    2.1482916E-01    8.5215355E+00    1.0906004E+00    1.7633644E+01    2.0076226E+00    3.3318262E+00    1.2193111E+01    8.8724624E+00    1.1592221E-06    4.2778030E-02    5.7735818E-01    1.0449396E-06
    1.6470000E+01    2.3807451E+01    2.1046410E+01    1.1254679E-01    5.4785691E-01    2.1482887E-01    8.5215325E+00    1.0906000E+00    1.7633638E+01    2.0076105E+00    3.3318217E+00    1.2193107E+01    8.8724476E+00    1.1592219E-06    4.2778014E-02    5.7736977E-01    1.0449393E-06
    1.6650000E+01    2.3807443E+01    2.1046426E+01    1.1257223E-01    5.4785669E-01    2.1482861E-01    8.5215297E+00    1.0905996E+00    1.7633632E+01    2.0075986E+00    3.3318175E+00    1.2193102E+01    8.8724330E+00    1.1592218E-06    4.2778000E-02    5.7738058E-01    1.0449389E-06
    1.6830000E+01    2.3807435E+01    2.1046443E+01    1.1259710E-01    5.4785649E-01    2.1482838E-01    8.5215269E+00    1.0905993E+00    1.7633626E+01    2.0075870E+00    3.3318134E+00    1.2193098E+01    8.8724185E+00    1.1592217E-06    4.2777986E-02    5.7739045E-01    1.0449386E-06
    1.7010000E+01    2.3807428E+01    2.1046459E+01    1.1262138E-01    5.4785630E-01    2.1482818E-01    8.5215243E+00    1.0905990E+00    1.7633620E+01    2.0075756E+00    3.3318096E+00    1.2193095E+01    8.8724043E+00    1.1592216E-06    4.2777973E-02    5.7739920E-01    1.0449383E-06
    1.7190000E+01    2.3807421E+01    2.1046475E+01    1.1264503E-01    5.4785612E-01    2.1482801E-01    8.5215219E+00    1.0905986E+00    1.7633615E+01    2.0075646E+00    3.3318059E+00    1.2193091E+01    8.8723902E+00    1.1592215E-06    4.2777960E-02    5.7740672E-01    1.0449380E-06
    1.7370000E+01    2.3807415E+01    2.1046491E+01    1.1266799E-01    5.4785596E-01    2.1482786E-01    8.5215196E+00    1.0905984E+00    1.7633611E+01    2.0075538E+00    3.3318024E+00    1.2193088E+01    8.8723764E+00    1.1592214E-06    4.2777949E-02    5.7741286E-01    1.0449377E-06
    1.7550000E+01    2.3807409E+01    2.1046506E+01    1.1269023E-01    5.4785581E-01    2.1482774E-01    8.5215175E+00    1.0905981E+00    1.7633607E+01    2.0075434E+00    3.3317992E+00    1.2193085E+01    8.8723629E+00    1.1592214E-06    4.2777939E-02    5.7741755E-01    1.0449374E-06
    1.7730000E+01    2.3807404E+01    2.1046522E+01    1.1271169E-01    5.4785569E-01    2.1482765E-01    8.5215157E+00    1.0905979E+00    1.7633603E+01    2.0075333E+00    3.3317962E+00    1.2193083E+01    8.8723496E+00    1.1592214E-06    4.2777930E-02    5.7742069E-01    1.0449372E-06
    1.7910000E+01    2.3807400E+01    2.1046537E+01    1.1273229E-01    5.4785556E-01    2.1482759E-01    8.5215140E+00    1.0905977E+00    1.7633600E+01    2.0075237E+00    3.3317935E+00    1.2193080E+01    8.8723366E+00    1.1592215E-06    4.2777922E-02    5.7742223E-01    1.0449370E-06
